fileId,time,xPos,yPos,zPos,leftSide,leftForward,centralForward,rightForward,rightSide,leftSideDistance,leftForwardDistance,centralForwardDistance,rightForwardDistance,rightSideDistance,zone,movingForward,moveForwardInput,moveBackwardsInput,moveLeftInput,moveRightInput,state,gameOver
5310110,10.12127,15.58,1.009752,4.620001,False,False,False,False,False,5,5,5,5,5,1,True,False,False,False,False,15,False
5310110,10.12127,15.58,1.009752,4.620001,False,False,False,False,False,5,5,5,5,5,1,False,False,False,False,False,15,False
5310110,10.14127,15.58,1.005583,4.620001,False,False,False,False,False,5,5,5,5,5,1,False,False,False,False,False,15,False
5310110,10.14897,15.58,1.002568,4.620001,False,False,False,False,False,5,5,5,5,5,1,False,False,False,False,False,15,False
5310110,10.15573,15.58,0.9999183,4.620001,False,False,False,False,False,5,5,5,5,5,1,False,False,False,False,False,15,False
5310110,10.16267,15.58,0.9966729,4.620001,False,False,False,False,False,5,5,5,5,5,1,False,False,False,False,False,15,False
5310110,10.17004,15.58,0.9923465,4.620001,False,False,False,False,False,5,5,5,5,5,1,False,False,False,False,False,15,False
5310110,10.1773,15.58,0.9880804,4.620001,False,False,False,False,False,5,5,5,5,5,1,False,False,False,False,False,15,False
5310110,10.18446,15.58,0.9830058,4.620001,False,False,False,False,False,5,5,5,5,5,1,False,False,False,False,False,15,False
5310110,10.19191,15.58,0.9771721,4.620001,False,False,False,False,False,5,5,5,5,5,1,False,False,False,False,False,15,False
5310110,10.19934,15.58,0.9713551,4.620001,False,False,False,False,False,5,5,5,5,5,1,False,False,False,False,False,15,False
5310110,10.21597,15.58,0.9552222,4.620001,False,False,False,False,False,5,5,5,5,5,1,False,False,False,False,False,15,False
5310110,10.233,15.58,0.9360331,4.620001,False,False,False,False,False,5,5,5,5,5,1,False,False,False,False,False,15,False
5310110,10.2495,15.58,0.91482,4.620001,False,False,False,False,False,5,5,5,5,5,1,False,False,False,False,False,15,False
5310110,10.2592,15.58,0.9015515,4.620001,False,False,False,False,False,5,5,5,5,5,1,False,False,False,False,False,15,False
5310110,10.26662,15.58,0.890501,4.619935,False,False,False,False,False,5,5,5,5,5,1,False,False,False,False,False,15,False
5310110,10.27437,15.58,0.8788512,4.619858,False,False,False,False,False,5,5,5,5,5,1,False,False,False,False,False,15,False
5310110,10.28264,15.58,0.8720255,4.619488,False,False,False,False,False,5,5,5,5,5,1,False,False,False,False,False,15,False
5310110,10.29137,15.58,0.877434,4.618451,False,False,False,False,False,5,5,5,5,5,1,False,False,False,False,False,15,False
5310110,10.29926,15.58,0.8823277,4.617513,False,False,False,False,False,5,5,5,5,5,1,False,False,False,False,False,15,False
5310110,10.3077,15.57903,0.8813497,4.617206,False,False,False,False,False,5,5,5,5,5,1,False,False,False,False,False,15,False
5310110,10.3162,15.57796,0.8797665,4.616962,False,False,False,False,False,5,5,5,5,5,1,False,False,False,False,False,15,False
5310110,10.32428,15.57771,0.8800645,4.616975,False,False,False,False,False,5,5,5,5,5,1,True,False,False,False,False,15,False
5310110,10.3326,15.57816,0.8820223,4.617212,False,False,False,False,False,5,5,5,5,5,1,True,False,False,False,False,15,False
5310110,10.34798,15.57878,0.8836018,4.617401,False,False,False,False,False,5,5,5,5,5,1,True,False,False,False,False,15,False
5310110,10.35705,15.57904,0.8834177,4.617377,False,False,False,False,False,5,5,5,5,5,1,False,False,False,False,False,15,False
5310110,10.36653,15.57973,0.8829318,4.617337,False,False,False,False,False,5,5,5,5,5,1,False,False,False,False,False,15,False
5310110,10.37546,15.58056,0.8823492,4.617292,False,False,False,False,False,5,5,5,5,5,1,False,False,False,False,False,15,False
5310110,10.38376,15.58089,0.8822621,4.61727,False,False,False,False,False,5,5,5,5,5,1,False,False,False,False,False,15,False
5310110,10.39151,15.58069,0.8826926,4.617269,False,False,False,False,False,5,5,5,5,5,1,False,False,False,False,False,15,False
5310110,10.39936,15.58049,0.8831286,4.617269,False,False,False,False,False,5,5,5,5,5,1,False,False,False,False,False,15,False
5310110,10.40737,15.58015,0.8825175,4.616821,False,False,False,False,False,5,5,5,5,5,1,False,False,False,False,False,15,False
5310110,10.41571,15.57978,0.8817852,4.616315,False,False,False,False,False,5,5,5,5,5,1,False,False,False,False,False,15,False
5310110,10.42369,15.57964,0.8816628,4.616281,False,False,False,False,False,5,5,5,5,5,1,False,False,False,False,False,15,False
5310110,10.43206,15.57977,0.8822415,4.616793,False,False,False,False,False,5,5,5,5,5,1,True,False,False,False,False,15,False
5310110,10.44011,15.57989,0.8827803,4.617284,False,False,False,False,False,5,5,5,5,5,1,True,False,False,False,False,15,False
5310110,10.44845,15.57944,0.8820224,4.61767,False,False,False,False,False,5,5,5,5,5,1,True,False,False,False,False,15,False
5310110,10.45656,15.579,0.881286,4.618044,False,False,False,False,False,5,5,5,5,5,1,True,False,False,False,False,15,False
5310110,10.46436,15.57903,0.8813695,4.617984,False,False,False,False,False,5,5,5,5,5,1,False,False,False,False,False,15,False
5310110,10.47311,15.57946,0.8821623,4.617544,False,False,False,False,False,5,5,5,5,5,1,False,False,False,False,False,15,False
5310110,10.48227,15.5798,0.882669,4.617069,False,False,False,False,False,5,5,5,5,5,1,False,False,False,False,False,15,False
5310110,10.49063,15.5798,0.8822343,4.616597,False,False,False,False,False,5,5,5,5,5,1,False,False,False,False,False,15,False
5310110,10.49833,15.5798,0.8818335,4.616162,False,False,False,False,False,5,5,5,5,5,1,False,False,False,False,False,15,False
5310110,10.50628,15.57979,0.8818713,4.616607,False,False,False,False,False,5,5,5,5,5,1,True,False,False,False,False,15,False
5310110,10.51451,15.57978,0.8820342,4.617314,False,False,False,False,False,5,5,5,5,5,1,True,False,False,False,False,15,False
5310110,10.52272,15.57977,0.8821199,4.617585,False,False,False,False,False,5,5,5,5,5,1,True,False,False,False,False,15,False
5310110,10.5307,15.57976,0.8820534,4.616996,False,False,False,False,False,5,5,5,5,5,1,False,False,False,False,False,15,False
5310110,10.53929,15.57974,0.8819817,4.616362,False,False,False,False,False,5,5,5,5,5,1,False,False,False,False,False,15,False
5310110,10.54742,15.57973,0.8822742,4.616632,False,False,False,False,False,5,5,5,5,5,1,True,False,False,False,False,15,False
5310110,10.55593,15.57971,0.8826157,4.617001,False,False,False,False,False,5,5,5,5,5,1,True,False,False,False,False,15,False
5310110,10.5641,15.57986,0.8826647,4.617178,False,False,False,False,False,5,5,5,5,5,1,True,False,False,False,False,15,False
5310110,10.57274,15.5802,0.8824226,4.617177,False,False,False,False,False,5,5,5,5,5,1,False,False,False,False,False,15,False
5310110,10.58101,15.58044,0.8822422,4.617177,False,False,False,False,False,5,5,5,5,5,1,False,False,False,False,False,15,False
5310110,10.58935,15.58003,0.8824335,4.617177,False,False,False,False,False,5,5,5,5,5,1,False,False,False,False,False,15,False
5310110,10.60414,15.57951,0.8826778,4.617177,False,False,False,False,False,5,5,5,5,5,1,False,False,False,False,False,15,False
5310110,10.61721,15.57951,0.8826778,4.617177,False,False,False,False,False,5,5,5,5,5,1,False,False,False,False,False,15,False
5310110,10.62535,15.57951,0.8826778,4.617177,False,False,False,False,False,5,5,5,5,5,1,False,False,False,False,False,15,False
5310110,10.63404,15.57951,0.8826778,4.617177,False,False,False,False,False,5,5,5,5,5,1,False,False,False,False,False,15,False
5310110,10.64331,15.57951,0.8826778,4.617177,False,False,False,False,False,5,5,5,5,5,1,False,False,False,False,False,15,False
5310110,10.65163,15.57951,0.8826778,4.617177,False,False,False,False,False,5,5,5,5,5,1,False,False,False,False,False,15,False
5310110,10.66046,15.57951,0.8826778,4.617177,False,False,False,False,False,5,5,5,5,5,1,False,False,False,False,False,15,False
5310110,10.66923,15.57951,0.8826778,4.617177,False,False,False,False,False,5,5,5,5,5,1,False,False,False,False,False,15,False
5310110,10.68096,15.57951,0.8826778,4.617177,False,False,False,False,False,5,5,5,5,5,1,False,False,False,False,False,15,False
5310110,10.68955,15.57951,0.8826778,4.617177,False,False,False,False,False,5,5,5,5,5,1,False,False,False,False,False,15,False
5310110,10.69908,15.57951,0.8826778,4.617177,False,False,False,False,False,5,5,5,5,5,1,False,False,False,False,False,15,False
5310110,10.71099,15.57951,0.8826778,4.617177,False,False,False,False,False,5,5,5,5,5,1,False,False,False,False,False,15,False
5310110,10.71938,15.57951,0.8826778,4.617177,False,False,False,False,False,5,5,5,5,5,1,False,False,False,False,False,15,False
5310110,10.7278,15.57951,0.8826778,4.617177,False,False,False,False,False,5,5,5,5,5,1,False,False,False,False,False,15,False
5310110,10.73921,15.57951,0.8826778,4.617177,False,False,False,False,False,5,5,5,5,5,1,False,False,False,False,False,15,False
5310110,10.75022,15.57951,0.8826778,4.617177,False,False,False,False,False,5,5,5,5,5,1,False,False,False,False,False,15,False
5310110,10.76075,15.57951,0.8826778,4.617177,False,False,False,False,False,5,5,5,5,5,1,False,False,False,False,False,15,False
5310110,10.77443,15.57951,0.8826778,4.617177,False,False,False,False,False,5,5,5,5,5,1,False,False,False,False,False,15,False
5310110,10.78331,15.57951,0.8826778,4.617177,False,False,False,False,False,5,5,5,5,5,1,False,False,False,False,False,15,False
5310110,10.7925,15.57951,0.8826778,4.617177,False,False,False,False,False,5,5,5,5,5,1,False,False,False,False,False,15,False
5310110,10.80173,15.57951,0.8826778,4.617177,False,False,False,False,False,5,5,5,5,5,1,False,False,False,False,False,15,False
5310110,10.81081,15.57951,0.8826778,4.617177,False,False,False,False,False,5,5,5,5,5,1,False,False,False,False,False,15,False
5310110,10.81981,15.57951,0.8826778,4.617177,False,False,False,False,False,5,5,5,5,5,1,False,False,False,False,False,15,False
5310110,10.82907,15.57951,0.8826778,4.617177,False,False,False,False,False,5,5,5,5,5,1,False,False,False,False,False,15,False
5310110,10.83918,15.57951,0.8826778,4.617177,False,False,False,False,False,5,5,5,5,5,1,False,False,False,False,False,15,False
5310110,10.84883,15.57951,0.8826778,4.617177,False,False,False,False,False,5,5,5,5,5,1,False,False,False,False,False,15,False
5310110,10.8578,15.57951,0.8826778,4.617177,False,False,False,False,False,5,5,5,5,5,1,False,False,False,False,False,15,False
5310110,10.86716,15.57951,0.8826778,4.617177,False,False,False,False,False,5,5,5,5,5,1,False,False,False,False,False,15,False
5310110,10.87682,15.57951,0.8826778,4.617177,False,False,False,False,False,5,5,5,5,5,1,False,False,False,False,False,15,False
5310110,10.88645,15.57951,0.8826778,4.617177,False,False,False,False,False,5,5,5,5,5,1,False,False,False,False,False,15,False
5310110,10.89588,15.57951,0.8826778,4.617177,False,False,False,False,False,5,5,5,5,5,1,False,False,False,False,False,15,False
5310110,10.90629,15.57951,0.8826778,4.617177,False,False,False,False,False,5,5,5,5,5,1,False,False,False,False,False,15,False
5310110,10.91612,15.57951,0.8826778,4.617177,False,False,False,False,False,5,5,5,5,5,1,False,False,False,False,False,15,False
5310110,10.92854,15.57951,0.8826778,4.617177,False,False,False,False,False,5,5,5,5,5,1,False,False,False,False,False,15,False
5310110,10.93794,15.57951,0.8826778,4.617177,False,False,False,False,False,5,5,5,5,5,1,False,False,False,False,False,15,False
5310110,10.94703,15.57951,0.8826778,4.617177,False,False,False,False,False,5,5,5,5,5,1,False,False,False,False,False,15,False
5310110,10.95675,15.57951,0.8826778,4.617177,False,False,False,False,False,5,5,5,5,5,1,False,False,False,False,False,15,False
5310110,10.96595,15.57951,0.8826778,4.617177,False,False,False,False,False,5,5,5,5,5,1,False,False,False,False,False,15,False
5310110,10.97566,15.57951,0.8826778,4.617177,False,False,False,False,False,5,5,5,5,5,1,False,False,False,False,False,15,False
5310110,10.98491,15.57951,0.8826778,4.617177,False,False,False,False,False,5,5,5,5,5,1,False,False,False,False,False,15,False
5310110,10.99435,15.57951,0.8826778,4.617177,False,False,False,False,False,5,5,5,5,5,1,False,False,False,False,False,15,False
5310110,11.00336,15.57951,0.8826778,4.617177,False,False,False,False,False,5,5,5,5,5,1,False,False,False,False,False,15,False
5310110,11.01227,15.57951,0.8826778,4.617177,False,False,False,False,False,5,5,5,5,5,1,False,False,False,False,False,15,False
5310110,11.02102,15.57951,0.8826778,4.617177,False,False,False,False,False,5,5,5,5,5,1,False,False,False,False,False,15,False
5310110,11.03011,15.57951,0.8826778,4.617177,False,False,False,False,False,5,5,5,5,5,1,False,False,False,False,False,15,False
5310110,11.03897,15.57951,0.8826778,4.617177,False,False,False,False,False,5,5,5,5,5,1,False,False,False,False,False,15,False
5310110,11.04786,15.57951,0.8826778,4.617177,False,False,False,False,False,5,5,5,5,5,1,False,False,False,False,False,15,False
5310110,11.05684,15.57951,0.8826778,4.617177,False,False,False,False,False,5,5,5,5,5,1,False,False,False,False,False,15,False
5310110,11.06613,15.57951,0.8826778,4.617177,False,False,False,False,False,5,5,5,5,5,1,False,False,False,False,False,15,False
5310110,11.0769,15.57951,0.8826778,4.617177,False,False,False,False,False,5,5,5,5,5,1,False,False,False,False,False,15,False
5310110,11.08588,15.57951,0.8826778,4.617177,False,False,False,False,False,5,5,5,5,5,1,False,False,False,False,False,15,False
5310110,11.0954,15.57951,0.8826778,4.617177,False,False,False,False,False,5,5,5,5,5,1,False,False,False,False,False,15,False
5310110,11.1042,15.57951,0.8826778,4.617177,False,False,False,False,False,5,5,5,5,5,1,False,False,False,False,False,15,False
5310110,11.11381,15.57951,0.8826778,4.617177,False,False,False,False,False,5,5,5,5,5,1,False,False,False,False,False,15,False
5310110,11.12457,15.57951,0.8826778,4.617177,False,False,False,False,False,5,5,5,5,5,1,False,False,False,False,False,15,False
5310110,11.1343,15.57951,0.8826778,4.617177,False,False,False,False,False,5,5,5,5,5,1,False,False,False,False,False,15,False
5310110,11.14368,15.57951,0.8826778,4.617177,False,False,False,False,False,5,5,5,5,5,1,False,False,False,False,False,15,False
5310110,11.15326,15.57951,0.8826778,4.617177,False,False,False,False,False,5,5,5,5,5,1,False,False,False,False,False,15,False
5310110,11.16254,15.57951,0.8826778,4.617177,False,False,False,False,False,5,5,5,5,5,1,False,False,False,False,False,15,False
5310110,11.17265,15.57951,0.8826778,4.617177,False,False,False,False,False,5,5,5,5,5,1,False,False,False,False,False,15,False
5310110,11.18206,15.57951,0.8826778,4.617177,False,False,False,False,False,5,5,5,5,5,1,False,False,False,False,False,15,False
5310110,11.19174,15.57951,0.8826778,4.617177,False,False,False,False,False,5,5,5,5,5,1,False,False,False,False,False,15,False
5310110,11.20106,15.57951,0.8826778,4.617177,False,False,False,False,False,5,5,5,5,5,1,False,False,False,False,False,15,False
5310110,11.21109,15.57951,0.8826778,4.617177,False,False,False,False,False,5,5,5,5,5,1,False,False,False,False,False,15,False
5310110,11.22087,15.57951,0.8826778,4.617177,False,False,False,False,False,5,5,5,5,5,1,False,False,False,False,False,15,False
5310110,11.23043,15.57951,0.8826778,4.617177,False,False,False,False,False,5,5,5,5,5,1,False,False,False,False,False,15,False
5310110,11.24001,15.57951,0.8826778,4.617177,False,False,False,False,False,5,5,5,5,5,1,False,False,False,False,False,15,False
5310110,11.25095,15.57951,0.8826778,4.617177,False,False,False,False,False,5,5,5,5,5,1,False,False,False,False,False,15,False
5310110,11.26031,15.57951,0.8826778,4.617177,False,False,False,False,False,5,5,5,5,5,1,False,False,False,False,False,15,False
5310110,11.26995,15.57951,0.8826778,4.617177,False,False,False,False,False,5,5,5,5,5,1,False,False,False,False,False,15,False
5310110,11.27953,15.57951,0.8826778,4.617177,False,False,False,False,False,5,5,5,5,5,1,False,False,False,False,False,15,False
5310110,11.28925,15.57951,0.8826778,4.617177,False,False,False,False,False,5,5,5,5,5,1,False,False,False,False,False,15,False
5310110,11.29915,15.57951,0.8826778,4.617177,False,False,False,False,False,5,5,5,5,5,1,False,False,False,False,False,15,False
5310110,11.30868,15.57951,0.8826778,4.617177,False,False,False,False,False,5,5,5,5,5,1,False,False,False,False,False,15,False
5310110,11.31857,15.57951,0.8826778,4.617177,False,False,False,False,False,5,5,5,5,5,1,False,False,False,False,False,15,False
5310110,11.32823,15.57951,0.8826778,4.617177,False,False,False,False,False,5,5,5,5,5,1,False,False,False,False,False,15,False
5310110,11.33769,15.57951,0.8826778,4.617177,False,False,False,False,False,5,5,5,5,5,1,False,False,False,False,False,15,False
5310110,11.34724,15.57951,0.8826778,4.617177,False,False,False,False,False,5,5,5,5,5,1,False,False,False,False,False,15,False
5310110,11.35751,15.57951,0.8826778,4.617177,False,False,False,False,False,5,5,5,5,5,1,False,False,False,False,False,15,False
5310110,11.36738,15.57951,0.8826778,4.617177,False,False,False,False,False,5,5,5,5,5,1,False,False,False,False,False,15,False
5310110,11.37792,15.57951,0.8826778,4.617177,False,False,False,False,False,5,5,5,5,5,1,False,False,False,False,False,15,False
5310110,11.38752,15.57951,0.8826778,4.617177,False,False,False,False,False,5,5,5,5,5,1,False,False,False,False,False,15,False
5310110,11.39774,15.57951,0.8826778,4.617177,False,False,False,False,False,5,5,5,5,5,1,False,False,False,False,False,15,False
5310110,11.41104,15.57951,0.8826778,4.617177,False,False,False,False,False,5,5,5,5,5,1,False,False,False,False,False,15,False
5310110,11.42113,15.57951,0.8826778,4.617177,False,False,False,False,False,5,5,5,5,5,1,False,False,False,False,False,15,False
5310110,11.4318,15.57951,0.8826778,4.617177,False,False,False,False,False,5,5,5,5,5,1,False,False,False,False,False,15,False
5310110,11.44183,15.57951,0.8826778,4.617177,False,False,False,False,False,5,5,5,5,5,1,False,False,False,False,False,15,False
5310110,11.4543,15.57951,0.8826778,4.617177,False,False,False,False,False,5,5,5,5,5,1,False,False,False,False,False,15,False
5310110,11.46436,15.57951,0.8826778,4.617177,False,False,False,False,False,5,5,5,5,5,1,False,False,False,False,False,15,False
5310110,11.4753,15.57951,0.8826778,4.617177,False,False,False,False,False,5,5,5,5,5,1,False,False,False,False,False,15,False
5310110,11.48568,15.57951,0.8826778,4.617177,False,False,False,False,False,5,5,5,5,5,1,False,False,False,False,False,15,False
5310110,11.49642,15.57951,0.8826778,4.617177,False,False,False,False,False,5,5,5,5,5,1,False,False,False,False,False,15,False
5310110,11.50654,15.57951,0.8826778,4.617177,False,False,False,False,False,5,5,5,5,5,1,False,False,False,False,False,15,False
5310110,11.52043,15.57951,0.8826778,4.617177,False,False,False,False,False,5,5,5,5,5,1,False,False,False,False,False,15,False
5310110,11.53073,15.57951,0.8826778,4.617177,False,False,False,False,False,5,5,5,5,5,1,False,False,False,False,False,15,False
5310110,11.54093,15.57951,0.8826778,4.617177,False,False,False,False,False,5,5,5,5,5,1,False,False,False,False,False,15,False
5310110,11.55202,15.57951,0.8826778,4.617177,False,False,False,False,False,5,5,5,5,5,1,False,False,False,False,False,15,False
5310110,11.56246,15.57951,0.8826778,4.617177,False,False,False,False,False,5,5,5,5,5,1,False,False,False,False,False,15,False
5310110,11.57312,15.57951,0.8826778,4.617177,False,False,False,False,False,5,5,5,5,5,1,False,False,False,False,False,15,False
5310110,11.58402,15.57951,0.8826778,4.617177,False,False,False,False,False,5,5,5,5,5,1,False,False,False,False,False,15,False
5310110,11.59543,15.57951,0.8826778,4.617177,False,False,False,False,False,5,5,5,5,5,1,False,False,False,False,False,15,False
5310110,11.60632,15.57951,0.8826778,4.617177,False,False,False,False,False,5,5,5,5,5,1,False,False,False,False,False,15,False
5310110,11.61906,15.57951,0.8826778,4.617177,False,False,False,False,False,5,5,5,5,5,1,False,False,False,False,False,15,False
5310110,11.62973,15.57951,0.8826778,4.617177,False,False,False,False,False,5,5,5,5,5,1,False,False,False,False,False,15,False
5310110,11.64105,15.57951,0.8826778,4.617177,False,False,False,False,False,5,5,5,5,5,1,False,False,False,False,False,15,False
5310110,11.65182,15.57951,0.8826778,4.617177,False,False,False,False,False,5,5,5,5,5,1,False,False,False,False,False,15,False
5310110,11.66278,15.57951,0.8826778,4.617177,False,False,False,False,False,5,5,5,5,5,1,False,False,False,False,False,15,False
5310110,11.67412,15.57951,0.8826778,4.617177,False,False,False,False,False,5,5,5,5,5,1,False,False,False,False,False,15,False
5310110,11.68505,15.57951,0.8826778,4.617177,False,False,False,False,False,5,5,5,5,5,1,False,False,False,False,False,15,False
5310110,11.69587,15.57951,0.8826778,4.617177,False,False,False,False,False,5,5,5,5,5,1,False,False,False,False,False,15,False
5310110,11.70723,15.57951,0.8826778,4.617177,False,False,False,False,False,5,5,5,5,5,1,False,False,False,False,False,15,False
5310110,11.71865,15.57951,0.8826778,4.617177,False,False,False,False,False,5,5,5,5,5,1,False,False,False,False,False,15,False
5310110,11.72975,15.57951,0.8826778,4.617177,False,False,False,False,False,5,5,5,5,5,1,False,False,False,False,False,15,False
5310110,11.7411,15.57951,0.8826778,4.617177,False,False,False,False,False,5,5,5,5,5,1,False,False,False,False,False,15,False
5310110,11.75217,15.57951,0.8826778,4.617177,False,False,False,False,False,5,5,5,5,5,1,False,False,False,False,False,15,False
5310110,11.76571,15.57951,0.8826778,4.617177,False,False,False,False,False,5,5,5,5,5,1,False,False,False,False,False,15,False
5310110,11.77719,15.57951,0.8826778,4.617177,False,False,False,False,False,5,5,5,5,5,1,False,False,False,False,False,15,False
5310110,11.78791,15.57951,0.8826778,4.617177,False,False,False,False,False,5,5,5,5,5,1,False,False,False,False,False,15,False
5310110,11.79908,15.57951,0.8826778,4.617177,False,False,False,False,False,5,5,5,5,5,1,False,False,False,False,False,15,False
5310110,11.81018,15.57951,0.8826778,4.617177,False,False,False,False,False,5,5,5,5,5,1,False,False,False,False,False,15,False
5310110,11.82136,15.57951,0.8826778,4.617177,False,False,False,False,False,5,5,5,5,5,1,False,False,False,False,False,15,False
5310110,11.83298,15.57951,0.8826778,4.617177,False,False,False,False,False,5,5,5,5,5,1,False,False,False,False,False,15,False
5310110,11.84413,15.57951,0.8826778,4.617177,False,False,False,False,False,5,5,5,5,5,1,False,False,False,False,False,15,False
5310110,11.85679,15.57951,0.8826778,4.617177,False,False,False,False,False,5,5,5,5,5,1,False,False,False,False,False,15,False
5310110,11.86782,15.57951,0.8826778,4.617177,False,False,False,False,False,5,5,5,5,5,1,False,False,False,False,False,15,False
5310110,11.87936,15.57951,0.8826778,4.617177,False,False,False,False,False,5,5,5,5,5,1,False,False,False,False,False,15,False
5310110,11.89057,15.57951,0.8826778,4.617177,False,False,False,False,False,5,5,5,5,5,1,False,False,False,False,False,15,False
5310110,11.90234,15.57951,0.8826778,4.617177,False,False,False,False,False,5,5,5,5,5,1,False,False,False,False,False,15,False
5310110,11.91352,15.57951,0.8826778,4.617177,False,False,False,False,False,5,5,5,5,5,1,False,False,False,False,False,15,False
5310110,11.92501,15.57951,0.8826778,4.617177,False,False,False,False,False,5,5,5,5,5,1,False,False,False,False,False,15,False
5310110,11.93659,15.57951,0.8826778,4.617177,False,False,False,False,False,5,5,5,5,5,1,False,False,False,False,False,15,False
5310110,11.94785,15.57951,0.8826778,4.617177,False,False,False,False,False,5,5,5,5,5,1,False,False,False,False,False,15,False
5310110,11.95931,15.57951,0.8826778,4.617177,False,False,False,False,False,5,5,5,5,5,1,False,False,False,False,False,15,False
5310110,11.97252,15.57951,0.8826778,4.617177,False,False,False,False,False,5,5,5,5,5,1,False,False,False,False,False,15,False
5310110,11.98443,15.57951,0.8826778,4.617177,False,False,False,False,False,5,5,5,5,5,1,False,False,False,False,False,15,False
5310110,11.99677,15.57951,0.8826778,4.617177,False,False,False,False,False,5,5,5,5,5,1,False,False,False,False,False,15,False
5310110,12.0082,15.57951,0.8826778,4.617177,False,False,False,False,False,5,5,5,5,5,1,False,False,False,False,False,15,False
5310110,12.02016,15.57951,0.8826778,4.617177,False,False,False,False,False,5,5,5,5,5,1,False,False,False,False,False,15,False
5310110,12.03174,15.57951,0.8826778,4.617177,False,False,False,False,False,5,5,5,5,5,1,False,False,False,False,False,15,False
5310110,12.04347,15.57951,0.8826778,4.617177,False,False,False,False,False,5,5,5,5,5,1,False,False,False,False,False,15,False
5310110,12.05489,15.57951,0.8826778,4.617177,False,False,False,False,False,5,5,5,5,5,1,False,False,False,False,False,15,False
5310110,12.06608,15.57951,0.8826778,4.617177,False,False,False,False,False,5,5,5,5,5,1,False,False,False,False,False,15,False
5310110,12.0778,15.57951,0.8826778,4.617177,False,False,False,False,False,5,5,5,5,5,1,False,False,False,False,False,15,False
5310110,12.08935,15.57951,0.8826778,4.617177,False,False,False,False,False,5,5,5,5,5,1,False,False,False,False,False,15,False
5310110,12.10129,15.57951,0.8826778,4.617177,False,False,False,False,False,5,5,5,5,5,1,False,False,False,False,False,15,False
5310110,12.11325,15.57951,0.8826778,4.617177,False,False,False,False,False,5,5,5,5,5,1,False,False,False,False,False,15,False
5310110,12.12508,15.57951,0.8826778,4.617177,False,False,False,False,False,5,5,5,5,5,1,False,False,False,False,False,15,False
5310110,12.13751,15.57951,0.8826778,4.617177,False,False,False,False,False,5,5,5,5,5,1,False,False,False,False,False,15,False
5310110,12.14986,15.57951,0.8826778,4.617177,False,False,False,False,False,5,5,5,5,5,1,False,False,False,False,False,15,False
5310110,12.16208,15.57951,0.8826778,4.617177,False,False,False,False,False,5,5,5,5,5,1,False,False,False,False,False,15,False
5310110,12.17422,15.57951,0.8826778,4.617177,False,False,False,False,False,5,5,5,5,5,1,False,False,False,False,False,15,False
5310110,12.18602,15.57951,0.8826778,4.617177,False,False,False,False,False,5,5,5,5,5,1,False,False,False,False,False,15,False
5310110,12.19811,15.57951,0.8826778,4.617177,False,False,False,False,False,5,5,5,5,5,1,False,False,False,False,False,15,False
5310110,12.21018,15.57951,0.8826778,4.617177,False,False,False,False,False,5,5,5,5,5,1,False,False,False,False,False,15,False
5310110,12.2223,15.57951,0.8826778,4.617177,False,False,False,False,False,5,5,5,5,5,1,False,False,False,False,False,15,False
5310110,12.23506,15.57951,0.8826778,4.617177,False,False,False,False,False,5,5,5,5,5,1,False,False,False,False,False,15,False
5310110,12.24687,15.57951,0.8826778,4.617177,False,False,False,False,False,5,5,5,5,5,1,False,False,False,False,False,15,False
5310110,12.25908,15.57951,0.8826778,4.617177,False,False,False,False,False,5,5,5,5,5,1,False,False,False,False,False,15,False
5310110,12.27091,15.57951,0.8826778,4.617177,False,False,False,False,False,5,5,5,5,5,1,False,False,False,False,False,15,False
5310110,12.2833,15.57951,0.8826778,4.617177,False,False,False,False,False,5,5,5,5,5,1,False,False,False,False,False,15,False
5310110,12.29571,15.57951,0.8826778,4.617177,False,False,False,False,False,5,5,5,5,5,1,False,False,False,False,False,15,False
5310110,12.31049,15.57951,0.8826778,4.617177,False,False,False,False,False,5,5,5,5,5,1,False,False,False,False,False,15,False
5310110,12.32529,15.57951,0.8826778,4.617177,False,False,False,False,False,5,5,5,5,5,1,False,False,False,False,False,15,False
5310110,12.33787,15.57951,0.8826778,4.617177,False,False,False,False,False,5,5,5,5,5,1,False,False,False,False,False,15,False
5310110,12.3504,15.57951,0.8826778,4.617177,False,False,False,False,False,5,5,5,5,5,1,False,False,False,False,False,15,False
5310110,12.36299,15.57951,0.8826778,4.617177,False,False,False,False,False,5,5,5,5,5,1,False,False,False,False,False,15,False
5310110,12.37612,15.57951,0.8826778,4.617177,False,False,False,False,False,5,5,5,5,5,1,False,False,False,False,False,15,False
5310110,12.38795,15.57951,0.8826778,4.617177,False,False,False,False,False,5,5,5,5,5,1,False,False,False,False,False,15,False
5310110,12.40449,15.57951,0.8826778,4.617177,False,False,False,False,False,5,5,5,5,5,1,False,False,False,False,False,15,False
5310110,12.41679,15.57951,0.8826778,4.617177,False,False,False,False,False,5,5,5,5,5,1,False,False,False,False,False,15,False
5310110,12.42861,15.57951,0.8826778,4.617177,False,False,False,False,False,5,5,5,5,5,1,False,False,False,False,False,15,False
5310110,12.44162,15.57951,0.8826778,4.617177,False,False,False,False,False,5,5,5,5,5,1,False,False,False,False,False,15,False
5310110,12.4539,15.57951,0.8826778,4.617177,False,False,False,False,False,5,5,5,5,5,1,False,False,False,False,False,15,False
5310110,12.46603,15.57951,0.8826778,4.617177,False,False,False,False,False,5,5,5,5,5,1,False,False,False,False,False,15,False
5310110,12.47794,15.57951,0.8826778,4.617177,False,False,False,False,False,5,5,5,5,5,1,False,False,False,False,False,15,False
5310110,12.49025,15.57951,0.8826778,4.617177,False,False,False,False,False,5,5,5,5,5,1,False,False,False,False,False,15,False
5310110,12.503,15.57951,0.8826778,4.617177,False,False,False,False,False,5,5,5,5,5,1,False,False,False,False,False,15,False
5310110,12.51624,15.57951,0.8826778,4.617177,False,False,False,False,False,5,5,5,5,5,1,False,False,False,False,False,15,False
5310110,12.52873,15.57951,0.8826778,4.617177,False,False,False,False,False,5,5,5,5,5,1,False,False,False,False,False,15,False
5310110,12.5415,15.57951,0.8826778,4.617177,False,False,False,False,False,5,5,5,5,5,1,False,False,False,False,False,15,False
5310110,12.55409,15.57951,0.8826778,4.617177,False,False,False,False,False,5,5,5,5,5,1,False,False,False,False,False,15,False
5310110,12.56648,15.57951,0.8826778,4.617177,False,False,False,False,False,5,5,5,5,5,1,False,False,False,False,False,15,False
5310110,12.57906,15.57951,0.8826778,4.617177,False,False,False,False,False,5,5,5,5,5,1,False,False,False,False,False,15,False
5310110,12.59186,15.57951,0.8826778,4.617177,False,False,False,False,False,5,5,5,5,5,1,False,False,False,False,False,15,False
5310110,12.60475,15.57951,0.8826778,4.617177,False,False,False,False,False,5,5,5,5,5,1,False,False,False,False,False,15,False
5310110,12.61781,15.57951,0.8826778,4.617177,False,False,False,False,False,5,5,5,5,5,1,False,False,False,False,False,15,False
5310110,12.63057,15.57951,0.8826778,4.617177,False,False,False,False,False,5,5,5,5,5,1,False,False,False,False,False,15,False
5310110,12.64326,15.57951,0.8826778,4.617177,False,False,False,False,False,5,5,5,5,5,1,False,False,False,False,False,15,False
5310110,12.65776,15.57951,0.8826778,4.617177,False,False,False,False,False,5,5,5,5,5,1,False,False,False,False,False,15,False
5310110,12.67073,15.57951,0.8826778,4.617177,False,False,False,False,False,5,5,5,5,5,1,False,False,False,False,False,15,False
5310110,12.68381,15.57951,0.8826778,4.617177,False,False,False,False,False,5,5,5,5,5,1,False,False,False,False,False,15,False
5310110,12.69709,15.57951,0.8826778,4.617177,False,False,False,False,False,5,5,5,5,5,1,False,False,False,False,False,15,False
5310110,12.70971,15.57951,0.8826778,4.617177,False,False,False,False,False,5,5,5,5,5,1,False,False,False,False,False,15,False
5310110,12.7226,15.57951,0.8826778,4.617177,False,False,False,False,False,5,5,5,5,5,1,False,False,False,False,False,15,False
5310110,12.73549,15.57951,0.8826778,4.617177,False,False,False,False,False,5,5,5,5,5,1,False,False,False,False,False,15,False
5310110,12.74854,15.57951,0.8826778,4.617177,False,False,False,False,False,5,5,5,5,5,1,False,False,False,False,False,15,False
5310110,12.76202,15.57951,0.8826778,4.617177,False,False,False,False,False,5,5,5,5,5,1,False,False,False,False,False,15,False
5310110,12.77532,15.57951,0.8826778,4.617177,False,False,False,False,False,5,5,5,5,5,1,False,False,False,False,False,15,False
5310110,12.78823,15.57951,0.8826778,4.617177,False,False,False,False,False,5,5,5,5,5,1,False,False,False,False,False,15,False
5310110,12.80856,15.57951,0.8826778,4.617177,False,False,False,False,False,5,5,5,5,5,1,False,False,False,False,False,15,False
5310110,12.8223,15.57951,0.8826778,4.617177,False,False,False,False,False,5,5,5,5,5,1,False,False,False,False,False,15,False
5310110,12.83602,15.57951,0.8826778,4.617177,False,False,False,False,False,5,5,5,5,5,1,False,False,False,False,False,15,False
5310110,12.84927,15.57951,0.8826778,4.617177,False,False,False,False,False,5,5,5,5,5,1,False,False,False,False,False,15,False
5310110,12.86283,15.57951,0.8826778,4.617177,False,False,False,False,False,5,5,5,5,5,1,False,False,False,False,False,15,False
5310110,12.8763,15.57951,0.8826778,4.617177,False,False,False,False,False,5,5,5,5,5,1,False,False,False,False,False,15,False
5310110,12.88957,15.57951,0.8826778,4.617177,False,False,False,False,False,5,5,5,5,5,1,False,False,False,False,False,15,False
5310110,12.90271,15.57951,0.8826778,4.617177,False,False,False,False,False,5,5,5,5,5,1,False,False,False,False,False,15,False
5310110,12.91589,15.57951,0.8826778,4.617177,False,False,False,False,False,5,5,5,5,5,1,False,False,False,False,False,15,False
5310110,12.93571,15.57951,0.8826778,4.617177,False,False,False,False,False,5,5,5,5,5,1,False,False,False,False,False,15,False
5310110,12.94931,15.57951,0.8826778,4.617177,False,False,False,False,False,5,5,5,5,5,1,False,False,False,False,False,15,False
5310110,12.96265,15.57951,0.8826778,4.617177,False,False,False,False,False,5,5,5,5,5,1,False,False,False,False,False,15,False
5310110,12.97887,15.57951,0.8826778,4.617177,False,False,False,False,False,5,5,5,5,5,1,False,False,False,False,False,15,False
5310110,12.99218,15.57951,0.8826778,4.617177,False,False,False,False,False,5,5,5,5,5,1,False,False,False,False,False,15,False
5310110,13.00547,15.57951,0.8826778,4.617177,False,False,False,False,False,5,5,5,5,5,1,False,False,False,False,False,15,False
5310110,13.01888,15.57951,0.8826778,4.617177,False,False,False,False,False,5,5,5,5,5,1,False,False,False,False,False,15,False
5310110,13.03243,15.57951,0.8826778,4.617177,False,False,False,False,False,5,5,5,5,5,1,False,False,False,False,False,15,False
5310110,13.04618,15.57951,0.8826778,4.617177,False,False,False,False,False,5,5,5,5,5,1,False,False,False,False,False,15,False
5310110,13.06057,15.57951,0.8826778,4.617177,False,False,False,False,False,5,5,5,5,5,1,False,False,False,False,False,15,False
5310110,13.07445,15.57951,0.8826778,4.617177,False,False,False,False,False,5,5,5,5,5,1,False,False,False,False,False,15,False
5310110,13.08747,15.57951,0.8826778,4.617177,False,False,False,False,False,5,5,5,5,5,1,False,False,False,False,False,15,False
5310110,13.1075,15.57951,0.8826778,4.617177,False,False,False,False,False,5,5,5,5,5,1,False,False,False,False,False,15,False
5310110,13.12084,15.57951,0.8826778,4.617177,False,False,False,False,False,5,5,5,5,5,1,False,False,False,False,False,15,False
5310110,13.13523,15.57951,0.8826778,4.617177,False,False,False,False,False,5,5,5,5,5,1,False,False,False,False,False,15,False
5310110,13.14866,15.57958,0.8826983,4.617502,False,False,False,False,False,5,5,5,5,5,1,True,False,False,False,False,15,False
5310110,13.16364,15.57966,0.8822178,4.617497,False,False,False,False,False,5,5,5,5,5,1,False,False,False,False,False,15,False
5310110,13.17783,15.57967,0.879998,4.617497,False,False,False,False,False,5,5,5,5,5,1,True,False,False,False,False,15,False
5310110,13.19142,15.57966,0.881442,4.617497,False,False,False,False,False,5,5,5,5,5,1,False,False,False,False,False,15,False
5310110,13.20561,15.57958,0.8819402,4.617499,False,False,False,False,False,5,5,5,5,5,1,True,False,False,False,False,15,False
5310110,13.21933,15.57938,0.8798804,4.617507,False,False,False,False,False,5,5,5,5,5,1,True,False,False,False,False,15,False
5310110,13.23272,15.57955,0.8816898,4.617501,False,False,False,False,False,5,5,5,5,5,1,False,False,False,False,False,15,False
5310110,13.24712,15.57956,0.8816775,4.617471,False,False,False,False,False,5,5,5,5,5,1,False,False,False,False,False,15,False
5310110,13.26134,15.5794,0.8798881,4.617428,False,False,False,False,False,5,5,5,5,5,1,False,False,False,False,False,15,False
5310110,13.27764,15.57962,0.8824163,4.617488,False,False,False,False,False,5,5,5,5,5,1,True,False,False,False,False,15,False
5310110,13.2918,15.57892,0.882265,4.617496,False,False,False,False,False,5,5,5,5,5,1,True,False,False,False,False,15,False
5310110,13.30827,15.57878,0.8823646,4.617496,False,False,False,False,False,5,5,5,5,5,1,False,False,False,False,False,15,False
5310110,13.3226,15.57953,0.8828692,4.61749,False,False,False,False,False,5,5,5,5,5,1,False,False,False,False,False,15,False
5310110,13.33743,15.58074,0.8820233,4.617453,False,False,False,False,False,5,5,5,5,5,1,False,False,False,False,False,15,False
5310110,13.35197,15.58052,0.8826529,4.617446,False,False,False,False,False,5,5,5,5,5,1,False,False,False,False,False,15,False
5310110,13.36627,15.57978,0.8828607,4.61743,False,False,False,False,False,5,5,5,5,5,1,False,False,False,False,False,15,False
5310110,13.38125,15.57883,0.882223,4.617396,False,False,False,False,False,5,5,5,5,5,1,False,False,False,False,False,15,False
5310110,13.39582,15.5793,0.8827764,4.617396,False,False,False,False,False,5,5,5,5,5,1,False,False,False,False,False,15,False
5310110,13.40976,15.58014,0.8824437,4.617373,False,False,False,False,False,5,5,5,5,5,1,False,False,False,False,False,15,False
5310110,13.42468,15.5807,0.882196,4.617348,False,False,False,False,False,5,5,5,5,5,1,False,False,False,False,False,15,False
5310110,13.44021,15.58008,0.8830559,4.617419,False,False,False,False,False,5,5,5,5,5,1,True,False,False,False,False,15,False
5310110,13.45567,15.57923,0.8815719,4.622708,False,False,False,False,False,5,5,5,5,5,1,True,False,False,False,False,15,False
5310110,13.47069,15.58011,0.8820404,4.627193,False,False,False,False,False,5,5,5,5,5,1,True,False,False,False,False,15,False
5310110,13.48627,15.58092,0.8823334,4.630023,False,False,False,False,False,5,5,5,5,5,1,True,False,False,False,False,15,False
5310110,13.50205,15.58063,0.8814428,4.630589,False,False,False,False,False,5,5,5,5,5,1,True,False,False,False,False,15,False
5310110,13.51882,15.5813,0.8826946,4.631444,False,False,False,False,False,5,5,5,5,5,1,True,False,False,False,False,15,False
5310110,13.53355,15.58079,0.8817564,4.628139,False,False,False,False,False,5,5,5,5,5,1,False,False,False,False,False,15,False
5310110,13.55108,15.58097,0.8821197,4.62925,False,False,False,False,False,5,5,5,5,5,1,True,False,False,False,False,15,False
5310110,13.57998,15.58128,0.8789369,4.627423,False,False,False,False,False,5,5,5,5,5,1,False,False,False,False,False,15,False
5310110,13.5948,15.58127,0.8817816,4.627466,False,False,False,False,False,5,5,5,5,5,1,True,False,False,False,False,15,False
5310110,13.61032,15.58089,0.8819914,4.634095,False,False,False,False,False,5,5,5,5,5,1,True,False,False,False,False,15,False
5310110,13.62532,15.58087,0.881674,4.646455,False,False,False,False,False,5,5,5,5,5,1,True,False,False,False,False,15,False
5310110,13.64318,15.58222,0.8823528,4.667015,False,False,False,False,False,5,5,5,5,5,1,True,False,False,False,False,15,False
5310110,13.65904,15.5843,0.8798834,4.684766,False,False,False,False,False,5,5,5,5,5,1,True,False,False,False,False,15,False
5310110,13.67462,15.58722,0.8820195,4.700694,False,False,False,False,False,5,5,5,5,5,1,True,False,False,False,False,15,False
5310110,13.68962,15.59051,0.8814745,4.715192,False,False,False,False,False,5,5,5,5,5,1,True,False,False,False,False,15,False
5310110,13.70533,15.59403,0.8807613,4.733103,False,False,False,False,False,5,5,5,5,5,1,True,False,False,False,False,15,False
5310110,13.72143,15.59746,0.8826789,4.757632,False,False,False,False,False,5,5,5,5,5,1,True,False,False,False,False,15,False
5310110,13.73762,15.60263,0.8800768,4.780878,False,False,False,False,False,5,5,5,5,5,1,True,False,False,False,False,15,False
5310110,13.75311,15.60616,0.8817773,4.79829,False,False,False,False,False,5,5,5,5,5,1,True,False,False,False,False,15,False
5310110,13.76771,15.60938,0.8817413,4.818444,False,False,False,False,False,5,5,5,5,5,1,True,False,False,False,False,15,False
5310110,13.78537,15.61271,0.8807368,4.847404,False,False,False,False,False,5,5,5,5,5,1,True,False,False,False,False,15,False
5310110,13.80041,15.61416,0.8828475,4.871312,False,False,False,False,False,5,5,5,5,5,1,True,False,False,False,False,15,False
5310110,13.81566,15.61836,0.8804066,4.893909,False,False,False,False,False,5,5,5,5,5,1,True,False,False,False,False,15,False
5310110,13.82984,15.62251,0.8813058,4.920689,False,False,False,False,False,5,5,5,5,5,1,True,False,False,False,False,15,False
5310110,13.84504,15.62779,0.8821914,4.951563,False,False,False,False,False,5,5,5,5,5,1,True,False,False,False,False,15,False
5310110,13.86158,15.63471,0.880168,4.98387,False,False,False,False,False,5,5,5,5,5,1,True,False,False,False,False,15,False
5310110,13.87693,15.6377,0.8824832,5.013201,False,False,False,False,False,5,5,5,5,5,1,True,False,False,False,False,15,False
5310110,13.89225,15.64296,0.8810033,5.041021,False,False,False,False,False,5,5,5,5,5,1,True,False,False,False,False,15,False
5310110,13.90739,15.64947,0.8809382,5.067382,False,False,False,False,False,5,5,5,5,5,1,True,False,False,False,False,15,False
5310110,13.92219,15.65622,0.882571,5.091579,False,False,False,False,False,5,5,5,5,5,1,True,False,False,False,False,15,False
5310110,13.93854,15.66127,0.8799279,5.113587,False,False,False,False,False,5,5,5,5,5,1,True,False,False,False,False,15,False
5310110,13.95341,15.66651,0.8818729,5.141493,False,False,False,False,False,5,5,5,5,5,1,True,False,False,False,False,15,False
5310110,13.9686,15.67265,0.8816361,5.175762,False,False,False,False,False,5,5,5,5,5,1,True,False,False,False,False,15,False
5310110,13.98417,15.68031,0.8805457,5.214288,False,False,False,False,False,5,5,5,5,5,1,True,False,False,False,False,15,False
5310110,14.00237,15.69196,0.8825991,5.257478,False,False,False,False,False,5,5,5,5,5,1,True,False,False,False,False,15,False
5310110,14.01783,15.70291,0.8800324,5.292642,False,False,False,False,False,5,5,5,5,5,1,True,False,False,False,False,15,False
5310110,14.03293,15.70975,0.8818094,5.326654,False,False,False,False,False,5,5,5,5,5,1,True,False,False,False,False,15,False
5310110,14.04929,15.71589,0.8815026,5.360289,False,False,False,False,False,5,5,5,5,5,1,True,False,False,False,False,15,False
5310110,14.07476,15.72262,0.8821133,5.408063,False,False,False,False,False,5,5,5,5,5,1,True,False,False,False,False,15,False
5310110,14.09146,15.72484,0.8812017,5.438136,False,False,False,False,False,5,5,5,5,5,1,True,False,False,False,False,15,False
5310110,14.10609,15.72668,0.8808219,5.461889,False,False,False,False,False,5,5,5,5,5,1,True,False,False,False,False,15,False
5310110,14.12121,15.72924,0.8827183,5.482983,False,False,False,False,False,5,5,5,5,5,1,True,False,False,False,False,15,False
5310110,14.13693,15.73385,0.8803442,5.503218,False,False,False,False,False,5,5,5,5,5,1,True,False,False,False,False,15,False
5310110,14.15198,15.73906,0.8817159,5.529698,False,False,False,False,False,5,5,5,5,5,1,True,False,False,False,False,15,False
5310110,14.16817,15.74326,0.8816394,5.559689,False,False,False,False,False,5,5,5,5,5,1,True,False,False,False,False,15,False
5310110,14.18397,15.74598,0.8803765,5.587015,False,False,False,False,False,5,5,5,5,5,1,True,False,False,False,False,15,False
5310110,14.19901,15.74901,0.8827447,5.608781,False,False,False,False,False,5,5,5,5,5,1,True,False,False,False,False,15,False
5310110,14.21588,15.7545,0.8804734,5.631438,False,False,False,False,False,5,5,5,5,5,1,True,False,False,False,False,15,False
5310110,14.23112,15.75766,0.8815383,5.651249,False,False,False,False,False,5,5,5,5,5,1,True,False,False,False,False,15,False
5310110,14.24676,15.76109,0.8818612,5.67058,False,False,False,False,False,5,5,5,5,5,1,True,False,False,False,False,15,False
5310110,14.26498,15.76682,0.8805953,5.691416,False,False,False,False,False,5,5,5,5,5,1,True,False,False,False,False,15,False
5310110,14.28128,15.77259,0.8826946,5.708505,False,False,False,False,False,5,5,5,5,5,1,True,False,False,False,False,15,False
5310110,14.29749,15.77592,0.8803625,5.720039,False,False,False,False,False,5,5,5,5,5,1,True,False,False,False,False,15,False
5310110,14.31264,15.77968,0.8817929,5.729596,False,False,False,False,False,5,5,5,5,5,1,True,False,False,False,False,15,False
5310110,14.32882,15.78432,0.8815615,5.744835,False,False,False,False,False,5,5,5,5,5,1,True,False,False,False,False,15,False
5310110,14.34616,15.78909,0.8808414,5.763607,False,False,False,False,False,5,5,5,5,5,1,True,False,False,False,False,15,False
5310110,14.36227,15.79257,0.8825315,5.776995,False,False,False,False,False,5,5,5,5,5,1,True,False,False,False,False,15,False
5310110,14.37844,15.79682,0.8802384,5.789101,False,False,False,False,False,5,5,5,5,5,1,True,False,False,False,False,15,False
5310110,14.394,15.79914,0.8819933,5.799924,False,False,False,False,False,5,5,5,5,5,1,True,False,False,False,False,15,False
5310110,14.4097,15.80272,0.8814406,5.81638,False,False,False,False,False,5,5,5,5,5,1,True,False,False,False,False,15,False
5310110,14.4258,15.80662,0.8808028,5.836465,False,False,False,False,False,5,5,5,5,5,1,True,False,False,False,False,15,False
5310110,14.44991,15.80971,0.8813752,5.864921,False,False,False,False,False,5,5,5,5,5,1,True,False,False,False,False,15,False
5310110,14.46618,15.81101,0.8807702,5.881053,False,False,False,False,False,5,5,5,5,5,1,True,False,False,False,False,15,False
5310110,14.48283,15.81288,0.8824345,5.895148,False,False,False,False,False,5,5,5,5,5,1,True,False,False,False,False,15,False
5310110,14.49897,15.8169,0.8800852,5.916497,False,False,False,False,False,5,5,5,5,5,1,True,False,False,False,False,15,False
5310110,14.5156,15.82322,0.8822798,5.947391,False,False,False,False,False,5,5,5,5,5,1,True,False,False,False,False,15,False
5310110,14.53115,15.82723,0.8811795,5.976261,False,False,False,False,False,5,5,5,5,5,1,True,False,False,False,False,15,False
5310110,14.54756,15.83218,0.8809707,6.005509,False,False,False,False,False,5,5,5,5,5,1,True,False,False,False,False,15,False
5310110,14.56383,15.83808,0.8823414,6.033125,False,False,False,False,False,5,5,5,5,5,1,True,False,False,False,False,15,False
5310110,14.58132,15.84185,0.8800847,6.062878,False,False,False,False,False,5,5,5,5,5,1,True,False,False,False,False,15,False
5310110,14.59715,15.848,0.8825333,6.098132,False,False,False,False,False,5,5,5,5,5,1,True,False,False,False,False,15,False
5310110,14.62472,15.86216,0.8805827,6.175957,False,False,False,False,False,5,5,5,5,5,1,True,False,False,False,False,15,False
5310110,14.6413,15.87243,0.8828454,6.230843,False,False,False,False,False,5,5,5,5,5,1,True,False,False,False,False,15,False
5310110,14.65809,15.8819,0.8800914,6.282379,False,False,False,False,False,5,5,5,5,5,1,True,False,False,False,False,15,False
5310110,14.68104,15.89411,0.8828536,6.346692,False,False,False,False,False,5,5,5,5,5,1,True,False,False,False,False,15,False
5310110,14.69773,15.90178,0.8801177,6.388226,False,False,False,False,False,5,5,5,5,5,1,True,False,False,False,False,15,False
5310110,14.71387,15.9064,0.8819949,6.42772,False,False,False,False,False,5,5,5,5,5,1,True,False,False,False,False,15,False
5310110,14.73148,15.91383,0.8811857,6.469092,False,False,False,False,False,5,5,5,5,5,1,True,False,False,False,False,15,False
5310110,14.74764,15.92126,0.8810313,6.503805,False,False,False,False,False,5,5,5,5,5,1,True,False,False,False,False,15,False
5310110,14.76357,15.92811,0.8823791,6.534902,False,False,False,False,False,5,5,5,5,5,1,True,False,False,False,False,15,False
5310110,14.78019,15.9367,0.8797961,6.565964,False,False,False,False,False,5,5,5,5,5,1,True,False,False,False,False,15,False
5310110,14.79597,15.94101,0.8822945,6.594717,False,False,False,False,False,5,5,5,5,5,1,True,False,False,False,False,15,False
5310110,14.81173,15.9473,0.8810397,6.622046,False,False,False,False,False,5,5,5,5,5,1,True,False,False,False,False,15,False
5310110,14.82842,15.95301,0.8810593,6.650032,False,False,False,False,False,5,5,5,5,5,1,True,False,False,False,False,15,False
5310110,14.84396,15.95667,0.8823174,6.674213,False,False,False,False,False,5,5,5,5,5,1,True,False,False,False,False,15,False
5310110,14.85997,15.96008,0.8798799,6.694698,False,False,False,False,False,5,5,5,5,5,1,True,False,False,False,False,15,False
5310110,14.87529,15.96168,0.8821772,6.713411,False,False,False,False,False,5,5,5,5,5,1,True,False,False,False,False,15,False
5310110,14.89409,15.96565,0.8807354,6.734668,False,False,False,False,False,5,5,5,5,5,1,True,False,False,False,False,15,False
5310110,14.90998,15.97049,0.8813775,6.758069,False,False,False,False,False,5,5,5,5,5,1,True,False,False,False,False,15,False
5310110,14.9292,15.9762,0.8814505,6.787305,False,False,False,False,False,5,5,5,5,5,1,True,False,False,False,False,15,False
5310110,14.94693,15.97977,0.880814,6.810506,False,False,False,False,False,5,5,5,5,5,1,True,False,False,False,False,15,False
5310110,14.96327,15.98174,0.8823816,6.829974,False,False,False,False,False,5,5,5,5,5,1,True,False,False,False,False,15,False
5310110,14.9796,15.98374,0.8798667,6.844317,False,False,False,False,False,5,5,5,5,5,1,True,False,False,False,False,15,False
5310110,14.9966,15.98797,0.8823807,6.869014,False,False,False,False,False,5,5,5,5,5,1,True,False,False,False,False,15,False
5310110,15.01273,15.99024,0.880978,6.891799,False,False,False,False,False,5,5,5,5,5,1,True,False,False,False,False,15,False
5310110,15.02974,15.99372,0.8813465,6.914507,False,False,False,False,False,5,5,5,5,5,1,True,False,False,False,False,15,False
5310110,15.04783,15.99922,0.8816994,6.937001,False,False,False,False,False,5,5,5,5,5,1,True,False,False,False,False,15,False
5310110,15.06528,16.00441,0.8806383,6.955789,False,False,False,False,False,5,5,5,5,5,1,True,False,False,False,False,15,False
5310110,15.08208,16.00778,0.8825528,6.970952,False,False,False,False,False,5,5,5,5,5,1,True,False,False,False,False,15,False
5310110,15.09854,16.01216,0.8801645,6.994291,False,False,False,False,False,5,5,5,5,5,1,True,False,False,False,False,15,False
5310110,15.11518,16.01816,0.8822271,7.026655,False,False,False,False,False,5,5,5,5,5,1,True,False,False,False,False,15,False
5310110,15.13195,16.02348,0.8810607,7.05602,False,False,False,False,False,5,5,5,5,5,1,True,False,False,False,False,15,False
5310110,15.1493,16.02717,0.8812417,7.084092,False,False,False,False,False,5,5,5,5,5,1,True,False,False,False,False,15,False
5310110,15.16637,16.03067,0.8819391,7.110452,False,False,False,False,False,5,5,5,5,5,1,True,False,False,False,False,15,False
5310110,15.1871,16.03591,0.88094,7.140555,False,False,False,False,False,5,5,5,5,5,1,True,False,False,False,False,15,False
5310110,15.2159,16.03988,0.8804953,7.17522,False,False,False,False,False,5,5,5,5,5,1,True,False,False,False,False,15,False
5310110,15.23234,16.04164,0.8817035,7.187461,False,False,False,False,False,5,5,5,5,5,1,True,False,False,False,False,15,False
5310110,15.25026,16.04271,0.881348,7.195086,False,False,False,False,False,5,5,5,5,5,1,True,False,False,False,False,15,False
5310110,15.26724,16.04304,0.8809641,7.197573,False,False,False,False,False,5,5,5,5,5,1,True,False,False,False,False,15,False
5310110,15.2843,16.04303,0.8825409,7.197264,False,False,False,False,False,5,5,5,5,5,1,False,False,False,False,False,15,False
5310110,15.30117,16.04289,0.8816878,7.196421,False,False,False,False,False,5,5,5,5,5,1,False,False,False,False,False,15,False
5310110,15.31868,16.0431,0.8821589,7.19789,False,False,False,False,False,5,5,5,5,5,1,True,False,False,False,False,15,False
5310110,15.34129,16.04292,0.8820005,7.19669,False,False,False,False,False,5,5,5,5,5,1,False,False,False,False,False,15,False
5310110,15.36732,16.04284,0.8827695,7.196052,False,False,False,False,False,5,5,5,5,5,1,False,False,False,False,False,15,False
5310110,15.38625,16.04243,0.8827629,7.193594,False,False,False,False,False,5,5,5,5,5,1,False,False,False,False,False,15,False
5310110,15.40375,16.04224,0.8825124,7.192106,False,False,False,False,False,5,5,5,5,5,1,False,False,False,False,False,15,False
5310110,15.42197,16.04161,0.8815015,7.184604,False,False,False,False,False,5,5,5,5,5,1,False,False,False,False,False,15,False
5310110,15.43972,16.04115,0.8827688,7.181732,False,False,False,False,False,5,5,5,5,5,1,False,False,False,False,False,15,False
5310110,15.45698,16.03985,0.8819389,7.181605,False,False,False,False,False,5,5,5,5,5,1,False,False,False,False,False,15,False
5310110,15.47496,16.03974,0.8828047,7.178251,False,False,False,False,False,5,5,5,5,5,1,False,False,False,False,False,15,False
5310110,15.49262,16.03979,0.8825021,7.17177,False,False,False,False,False,5,5,5,5,5,1,False,False,False,False,False,15,False
5310110,15.51043,16.03945,0.8825452,7.168694,False,False,False,False,False,5,5,5,5,5,1,False,False,False,False,False,15,False
5310110,15.52914,16.03916,0.8820634,7.171932,False,False,False,False,False,5,5,5,5,5,1,True,False,False,False,False,15,False
5310110,15.5587,16.04223,0.8826947,7.180489,False,False,False,False,False,5,5,5,5,5,1,True,False,False,False,False,15,False
5310110,15.57839,16.0421,0.8814504,7.18152,False,False,False,False,False,5,5,5,5,5,1,True,False,False,False,False,15,False
5310110,15.59866,16.04293,0.882686,7.182392,False,False,False,False,False,5,5,5,5,5,1,True,False,False,False,False,15,False
5310110,15.61729,16.04229,0.8815557,7.181511,False,False,False,False,False,5,5,5,5,5,1,False,False,False,False,False,15,False
5310110,15.6348,16.04275,0.8824134,7.182107,False,False,False,False,False,5,5,5,5,5,1,True,False,False,False,False,15,False
5310110,15.65344,16.04209,0.8821592,7.182578,False,False,False,False,False,5,5,5,5,5,1,True,False,False,False,False,15,False
5310110,15.67269,16.04233,0.8825558,7.182558,False,False,False,False,False,5,5,5,5,5,1,False,False,False,False,False,15,False
5310110,15.69065,16.04421,0.8824712,7.186526,False,False,False,False,False,5,5,5,5,5,1,True,False,False,False,False,15,False
5310110,15.70811,16.04513,0.8823757,7.192758,False,False,False,False,False,5,5,5,5,5,1,True,False,False,False,False,15,False
5310110,15.72623,16.0442,0.881865,7.198267,False,False,False,False,False,5,5,5,5,5,1,True,False,False,False,False,15,False
5310110,15.74422,16.04383,0.8803306,7.205229,False,False,False,False,False,5,5,5,5,5,1,True,False,False,False,False,15,False
5310110,15.76209,16.04534,0.8825634,7.219866,False,False,False,False,False,5,5,5,5,5,1,True,False,False,False,False,15,False
5310110,15.78132,16.04507,0.8802933,7.234345,False,False,False,False,False,5,5,5,5,5,1,True,False,False,False,False,15,False
5310110,15.79929,16.04381,0.8827426,7.246713,False,False,False,False,False,5,5,5,5,5,1,True,False,False,False,False,15,False
5310110,15.81631,16.0441,0.8803675,7.256784,False,False,False,False,False,5,5,5,5,5,1,True,False,False,False,False,15,False
5310110,15.83371,16.04305,0.8818748,7.265715,False,False,False,False,False,5,5,5,5,5,1,True,False,False,False,False,15,False
5310110,15.8552,16.04254,0.8818793,7.273559,False,False,False,False,False,5,5,5,5,5,1,True,False,False,False,False,15,False
5310110,15.87389,16.04206,0.8824448,7.278748,False,False,False,False,False,5,5,5,5,5,1,True,False,False,False,False,15,False
5310110,15.89179,16.04175,0.8810309,7.278295,False,False,False,False,False,5,5,5,5,5,1,False,False,False,False,False,15,False
5310110,15.90965,16.04181,0.8812404,7.278992,False,False,False,False,False,5,5,5,5,5,1,True,False,False,False,False,15,False
5310110,15.92796,16.04232,0.8817778,7.282411,False,False,False,False,False,5,5,5,5,5,1,True,False,False,False,False,15,False
5310110,15.94589,16.04285,0.8809748,7.282583,False,False,False,False,False,5,5,5,5,5,1,True,False,False,False,False,15,False
5310110,15.9643,16.04269,0.882763,7.278229,False,False,False,False,False,5,5,5,5,5,1,False,False,False,False,False,15,False
5310110,15.98316,16.04197,0.8827701,7.275403,False,False,False,False,False,5,5,5,5,5,1,False,False,False,False,False,15,False
5310110,16.00141,16.04086,0.8827182,7.274309,False,False,False,False,False,5,5,5,5,5,1,False,False,False,False,False,15,False
5310110,16.01987,16.04126,0.8819662,7.278294,False,False,False,False,False,5,5,5,5,5,1,True,False,False,False,False,15,False
5310110,16.03785,16.04001,0.8828252,7.276455,False,False,False,False,False,5,5,5,5,5,1,False,False,False,False,False,15,False
5310110,16.05606,16.03898,0.8814473,7.277366,False,False,False,False,False,5,5,5,5,5,1,True,False,False,False,False,15,False
5310110,16.07475,16.03946,0.8823374,7.276937,False,False,False,False,False,5,5,5,5,5,1,False,False,False,False,False,15,False
5310110,16.09278,16.03997,0.8819139,7.275942,False,False,False,False,False,5,5,5,5,5,1,False,False,False,False,False,15,False
5310110,16.11068,16.0399,0.8821473,7.273854,False,False,False,False,False,5,5,5,5,5,1,False,False,False,False,False,15,False
5310110,16.12903,16.03895,0.882426,7.271059,False,False,False,False,False,5,5,5,5,5,1,False,False,False,False,False,15,False
5310110,16.1474,16.03791,0.8823302,7.268918,False,False,False,False,False,5,5,5,5,5,1,False,False,False,False,False,15,False
5310110,16.16551,16.03753,0.882632,7.268029,False,False,False,False,False,5,5,5,5,5,1,False,False,False,False,False,15,False
5310110,16.18574,16.03629,0.8822441,7.269916,False,False,False,False,False,5,5,5,5,5,1,True,False,False,False,False,15,False
5310110,16.20376,16.03378,0.8822967,7.275601,False,False,False,False,False,5,5,5,5,5,1,True,False,False,False,False,15,False
5310110,16.2217,16.03086,0.8794792,7.279888,False,False,False,False,False,5,5,5,5,5,1,True,False,False,False,False,15,False
5310110,16.24588,16.02744,0.8826081,7.28329,False,False,False,False,False,5,5,5,5,5,1,True,False,False,False,False,15,False
5310110,16.26386,16.02622,0.8822759,7.283215,False,False,False,False,False,5,5,5,5,5,1,False,False,False,False,False,15,False
5310110,16.28325,16.02539,0.8826765,7.276121,False,False,False,False,False,5,5,5,5,5,1,False,False,False,False,False,15,False
5310110,16.30168,16.02673,0.8822147,7.266856,False,False,False,False,False,5,5,5,5,5,1,False,False,False,False,False,15,False
5310110,16.32011,16.0261,0.8827525,7.259895,False,False,False,False,False,5,5,5,5,5,1,False,False,False,False,False,15,False
5310110,16.34037,16.02746,0.8827374,7.248605,False,False,False,False,False,5,5,5,5,5,1,False,False,False,False,False,15,False
5310110,16.35867,16.02781,0.8827489,7.241083,False,False,False,False,False,5,5,5,5,5,1,False,False,False,False,False,15,False
5310110,16.37834,16.02761,0.8827466,7.235306,False,False,False,False,False,5,5,5,5,5,1,False,False,False,False,False,15,False
5310110,16.39838,16.02725,0.8827685,7.232067,False,False,False,False,False,5,5,5,5,5,1,False,False,False,False,False,15,False
5310110,16.42226,16.02893,0.8827526,7.223887,False,False,False,False,False,5,5,5,5,5,1,False,False,False,False,False,15,False
5310110,16.44206,16.03129,0.8827392,7.213553,False,False,False,False,False,5,5,5,5,5,1,False,False,False,False,False,15,False
5310110,16.46024,16.03314,0.8827445,7.205298,False,False,False,False,False,5,5,5,5,5,1,False,False,False,False,False,15,False
5310110,16.47857,16.03624,0.8827293,7.193573,False,False,False,False,False,5,5,5,5,5,1,False,False,False,False,False,15,False
5310110,16.49668,16.0376,0.8827553,7.188417,False,False,False,False,False,5,5,5,5,5,1,False,False,False,False,False,15,False
5310110,16.51772,16.03899,0.8827682,7.18482,False,False,False,False,False,5,5,5,5,5,1,False,False,False,False,False,15,False
5310110,16.54544,16.04103,0.8825328,7.183064,False,False,False,False,False,5,5,5,5,5,1,False,False,False,False,False,15,False
5310110,16.56552,16.04269,0.8822,7.183258,False,False,False,False,False,5,5,5,5,5,1,True,False,False,False,False,15,False
5310110,16.58403,16.04597,0.882251,7.182996,False,False,False,False,False,5,5,5,5,5,1,False,False,False,False,False,15,False
5310110,16.60192,16.04845,0.8795087,7.17964,False,False,False,False,False,5,5,5,5,5,1,False,False,False,False,False,15,False
5310110,16.61992,16.05035,0.8827486,7.175478,False,False,False,False,False,5,5,5,5,5,1,False,False,False,False,False,15,False
5310110,16.63827,16.05199,0.8827575,7.172772,False,False,False,False,False,5,5,5,5,5,1,False,False,False,False,False,15,False
5310110,16.65794,16.05365,0.881811,7.168208,False,False,False,False,False,5,5,5,5,5,1,False,False,False,False,False,15,False
5310110,16.67633,16.05447,0.8825543,7.162236,False,False,False,False,False,5,5,5,5,5,1,False,False,False,False,False,15,False
5310110,16.69419,16.05463,0.8827715,7.161011,False,False,False,False,False,5,5,5,5,5,1,False,False,False,False,False,15,False
5310110,16.71315,16.05464,0.8827825,7.161013,False,False,False,False,False,5,5,5,5,5,1,True,False,False,False,False,15,False
5310110,16.73357,16.05385,0.8822116,7.160941,False,False,False,False,False,5,5,5,5,5,1,False,False,False,False,False,15,False
5310110,16.75194,16.05424,0.8825501,7.158569,False,False,False,False,False,5,5,5,5,5,1,False,False,False,False,False,15,False
5310110,16.77102,16.05521,0.8824829,7.15782,False,False,False,False,False,5,5,5,5,5,1,False,False,False,False,False,15,False
5310110,16.78923,16.05518,0.8824413,7.158456,False,False,False,False,False,5,5,5,5,5,1,True,False,False,False,False,15,False
5310110,16.8087,16.05429,0.8824642,7.159237,False,False,False,False,False,5,5,5,5,5,1,True,False,False,False,False,15,False
5310110,16.82728,16.05424,0.8823293,7.158146,False,False,False,False,False,5,5,5,5,5,1,False,False,False,False,False,15,False
5310110,16.84575,16.05577,0.8826845,7.151537,False,False,False,False,False,5,5,5,5,5,1,False,False,False,False,False,15,False
5310110,16.86408,16.05732,0.8821891,7.142785,False,False,False,False,False,5,5,5,5,5,1,False,False,False,False,False,15,False
5310110,16.88342,16.05685,0.8827508,7.134906,False,False,False,False,False,5,5,5,5,5,1,False,False,False,False,False,15,False
5310110,16.90722,16.05542,0.8823106,7.130285,False,False,False,False,False,5,5,5,5,5,1,False,False,False,False,False,15,False
5310110,16.93497,16.05515,0.8817797,7.142008,False,False,False,False,False,5,5,5,5,5,1,True,False,False,False,False,15,False
5310110,16.95348,16.05477,0.8823773,7.154888,False,False,False,False,False,5,5,5,5,5,1,True,False,False,False,False,15,False
5310110,16.9725,16.05449,0.8810024,7.16264,False,False,False,False,False,5,5,5,5,5,1,True,False,False,False,False,15,False
5310110,16.99173,16.05367,0.8815862,7.166324,False,False,False,False,False,5,5,5,5,5,1,True,False,False,False,False,15,False
5310110,17.01071,16.053,0.8812045,7.167969,False,False,False,False,False,5,5,5,5,5,1,True,False,False,False,False,15,False
5310110,17.03139,16.05349,0.8814925,7.164125,False,False,False,False,False,5,5,5,5,5,1,False,False,False,False,False,15,False
5310110,17.05067,16.05395,0.88276,7.158768,False,False,False,False,False,5,5,5,5,5,1,False,False,False,False,False,15,False
5310110,17.06992,16.05368,0.8827778,7.157805,False,False,False,False,False,5,5,5,5,5,1,False,False,False,False,False,15,False
5310110,17.08966,16.05293,0.8810921,7.158904,False,False,False,False,False,5,5,5,5,5,1,True,False,False,False,False,15,False
5310110,17.10939,16.05232,0.8809223,7.159024,False,False,False,False,False,5,5,5,5,5,1,True,False,False,False,False,15,False
5310110,17.12864,16.05282,0.8825511,7.157335,False,False,False,False,False,5,5,5,5,5,1,False,False,False,False,False,15,False
5310110,17.14772,16.05375,0.8824407,7.152017,False,False,False,False,False,5,5,5,5,5,1,False,False,False,False,False,15,False
5310110,17.16775,16.05406,0.8827551,7.14537,False,False,False,False,False,5,5,5,5,5,1,False,False,False,False,False,15,False
5310110,17.18656,16.05382,0.8827673,7.141714,False,False,False,False,False,5,5,5,5,5,1,False,False,False,False,False,15,False
5310110,17.20659,16.05305,0.8824961,7.141225,False,False,False,False,False,5,5,5,5,5,1,False,False,False,False,False,15,False
5310110,17.22537,16.05158,0.8822355,7.148575,False,False,False,False,False,5,5,5,5,5,1,True,False,False,False,False,15,False
5310110,17.24639,16.04786,0.881878,7.165057,False,False,False,False,False,5,5,5,5,5,1,True,False,False,False,False,15,False
5310110,17.26642,16.04638,0.8804871,7.177408,False,False,False,False,False,5,5,5,5,5,1,True,False,False,False,False,15,False
5310110,17.28641,16.04595,0.8819641,7.181743,False,False,False,False,False,5,5,5,5,5,1,True,False,False,False,False,15,False
5310110,17.30634,16.04644,0.8809917,7.179553,False,False,False,False,False,5,5,5,5,5,1,False,False,False,False,False,15,False
5310110,17.32621,16.04731,0.8827646,7.175241,False,False,False,False,False,5,5,5,5,5,1,False,False,False,False,False,15,False
5310110,17.34631,16.04787,0.8827641,7.170762,False,False,False,False,False,5,5,5,5,5,1,False,False,False,False,False,15,False
5310110,17.36663,16.04934,0.8827573,7.164659,False,False,False,False,False,5,5,5,5,5,1,False,False,False,False,False,15,False
5310110,17.38734,16.05078,0.8827599,7.159225,False,False,False,False,False,5,5,5,5,5,1,False,False,False,False,False,15,False
5310110,17.40681,16.05172,0.8827608,7.154247,False,False,False,False,False,5,5,5,5,5,1,False,False,False,False,False,15,False
5310110,17.42727,16.05157,0.882304,7.153837,False,False,False,False,False,5,5,5,5,5,1,False,False,False,False,False,15,False
5310110,17.44754,16.05149,0.8819619,7.153553,False,False,False,False,False,5,5,5,5,5,1,False,False,False,False,False,15,False
5310110,17.46653,16.05156,0.882515,7.152886,False,False,False,False,False,5,5,5,5,5,1,False,False,False,False,False,15,False
5310110,17.48564,16.05155,0.8822279,7.149302,False,False,False,False,False,5,5,5,5,5,1,False,False,False,False,False,15,False
5310110,17.50615,16.05236,0.8826135,7.14696,False,False,False,False,False,5,5,5,5,5,1,False,False,False,False,False,15,False
5310110,17.52569,16.05236,0.882244,7.144936,False,False,False,False,False,5,5,5,5,5,1,False,False,False,False,False,15,False
5310110,17.54423,16.0514,0.8825505,7.141889,False,False,False,False,False,5,5,5,5,5,1,False,False,False,False,False,15,False
5310110,17.56334,16.05051,0.8813757,7.140422,False,False,False,False,False,5,5,5,5,5,1,False,False,False,False,False,15,False
5310110,17.58333,16.05239,0.8827404,7.135937,False,False,False,False,False,5,5,5,5,5,1,False,False,False,False,False,15,False
5310110,17.60203,16.05281,0.8821762,7.136897,False,False,False,False,False,5,5,5,5,5,1,True,False,False,False,False,15,False
5310110,17.62251,16.05182,0.8826606,7.136662,False,False,False,False,False,5,5,5,5,5,1,False,False,False,False,False,15,False
5310110,17.64204,16.05054,0.8819356,7.137133,False,False,False,False,False,5,5,5,5,5,1,True,False,False,False,False,15,False
5310110,17.66921,16.04983,0.8814588,7.147172,False,False,False,False,False,5,5,5,5,5,1,True,False,False,False,False,15,False
5310110,17.68849,16.04999,0.8808751,7.150662,False,False,False,False,False,5,5,5,5,5,1,True,False,False,False,False,15,False
5310110,17.7106,16.05028,0.8820121,7.148126,False,False,False,False,False,5,5,5,5,5,1,False,False,False,False,False,15,False
5310110,17.73334,16.05203,0.8822686,7.141185,False,False,False,False,False,5,5,5,5,5,1,False,False,False,False,False,15,False
5310110,17.75195,16.05286,0.8827646,7.138873,False,False,False,False,False,5,5,5,5,5,1,False,False,False,False,False,15,False
5310110,17.77202,16.05234,0.8824184,7.138762,False,False,False,False,False,5,5,5,5,5,1,False,False,False,False,False,15,False
5310110,17.7923,16.05248,0.8825853,7.138791,False,False,False,False,False,5,5,5,5,5,1,True,False,False,False,False,15,False
5310110,17.81268,16.05344,0.880745,7.13651,False,False,False,False,False,5,5,5,5,5,1,False,False,False,False,False,15,False
5310110,17.83317,16.05446,0.8816658,7.133232,False,False,False,False,False,5,5,5,5,5,1,False,False,False,False,False,15,False
5310110,17.85311,16.05465,0.8827888,7.13204,False,False,False,False,False,5,5,5,5,5,1,False,False,False,False,False,15,False
5310110,17.87314,16.05474,0.8827881,7.132195,False,False,False,False,False,5,5,5,5,5,1,True,False,False,False,False,15,False
5310110,17.89451,16.05569,0.8817576,7.125945,False,False,False,False,False,5,5,5,5,5,1,False,False,False,False,False,15,False
5310110,17.91484,16.05628,0.882418,7.124372,False,False,False,False,False,5,5,5,5,5,1,False,False,False,False,False,15,False
5310110,17.93454,16.05622,0.880505,7.124643,False,False,False,False,False,5,5,5,5,5,1,True,False,False,False,False,15,False
5310110,17.96107,16.05642,0.8827471,7.124676,False,False,False,False,False,5,5,5,5,5,1,True,False,False,False,False,15,False
5310110,17.98145,16.05722,0.8821635,7.124846,False,False,False,False,False,5,5,5,5,5,1,True,False,False,False,False,15,False
5310110,18.00227,16.05631,0.8826148,7.12437,False,False,False,False,False,5,5,5,5,5,1,False,False,False,False,False,15,False
5310110,18.02158,16.05579,0.8813637,7.122108,False,False,False,False,False,5,5,5,5,5,1,False,False,False,False,False,15,False
5310110,18.04159,16.05629,0.88272,7.123158,False,False,False,False,False,5,5,5,5,5,1,True,False,False,False,False,15,False
5310110,18.06289,16.0554,0.8821443,7.122965,False,False,False,False,False,5,5,5,5,5,1,False,False,False,False,False,15,False
5310110,18.08284,16.05618,0.8825462,7.12255,False,False,False,False,False,5,5,5,5,5,1,False,False,False,False,False,15,False
5310110,18.11112,16.05715,0.8813435,7.119284,False,False,False,False,False,5,5,5,5,5,1,False,False,False,False,False,15,False
5310110,18.13064,16.05719,0.8811402,7.119292,False,False,False,False,False,5,5,5,5,5,1,True,False,False,False,False,15,False
5310110,18.15154,16.05719,0.8814766,7.119257,False,False,False,False,False,5,5,5,5,5,1,False,False,False,False,False,15,False
5310110,18.18618,16.05442,0.8818657,7.132483,False,False,False,False,False,5,5,5,5,5,1,True,False,False,False,False,15,False
5310110,18.21863,16.04931,0.8818975,7.156542,False,False,False,False,False,5,5,5,5,5,1,True,False,False,False,False,15,False
5310110,18.23927,16.04811,0.8819619,7.168848,False,False,False,False,False,5,5,5,5,5,1,True,False,False,False,False,15,False
5310110,18.25983,16.04865,0.8819391,7.167757,False,False,False,False,False,5,5,5,5,5,1,False,False,False,False,False,15,False
5310110,18.28032,16.0483,0.8819938,7.169258,False,False,False,False,False,5,5,5,5,5,1,True,False,False,False,False,15,False
5310110,18.30163,16.04847,0.8819249,7.168283,False,False,False,False,False,5,5,5,5,5,1,False,False,False,False,False,15,False
5310110,18.32157,16.0466,0.8820246,7.176824,False,False,False,False,False,5,5,5,5,5,1,True,False,False,False,False,15,False
5310110,18.34142,16.04482,0.8820136,7.179011,False,False,False,False,False,5,5,5,5,5,1,True,False,False,False,False,15,False
5310110,18.36249,16.04428,0.8821231,7.178179,False,False,False,False,False,5,5,5,5,5,1,False,False,False,False,False,15,False
5310110,18.38328,16.0434,0.8826451,7.177014,False,False,False,False,False,5,5,5,5,5,1,False,False,False,False,False,15,False
5310110,18.40889,16.04198,0.8823895,7.176637,False,False,False,False,False,5,5,5,5,5,1,False,False,False,False,False,15,False
5310110,18.42838,16.03995,0.8814607,7.176186,False,False,False,False,False,5,5,5,5,5,1,False,False,False,False,False,15,False
5310110,18.44879,16.0377,0.8808906,7.175552,False,False,False,False,False,5,5,5,5,5,1,False,False,False,False,False,15,False
5310110,18.46948,16.03664,0.8824675,7.173072,False,False,False,False,False,5,5,5,5,5,1,False,False,False,False,False,15,False
5310110,18.49998,16.03348,0.8828171,7.174654,False,False,False,False,False,5,5,5,5,5,1,True,False,False,False,False,15,False
5310110,18.52131,16.02687,0.8800722,7.19187,False,False,False,False,False,5,5,5,5,5,1,True,False,False,False,False,15,False
5310110,18.54154,16.01672,0.8826661,7.219825,False,False,False,False,False,5,5,5,5,5,1,True,False,False,False,False,15,False
5310110,18.56272,16.00175,0.8802812,7.25943,False,False,False,False,False,5,5,5,5,5,1,True,False,False,False,False,15,False
5310110,18.58292,15.98486,0.8824776,7.29653,False,False,False,False,False,5,5,5,5,5,1,True,False,False,False,False,15,False
5310110,18.60966,15.96141,0.8812981,7.355947,False,False,False,False,False,5,5,5,5,5,1,True,False,False,False,False,15,False
5310110,18.6307,15.94288,0.8812576,7.404527,False,False,False,False,False,5,5,5,5,5,1,True,False,False,False,False,15,False
5310110,18.65188,15.92358,0.8816804,7.455661,False,False,False,False,False,5,5,5,5,5,1,True,False,False,False,False,15,False
5310110,18.67312,15.9068,0.8809036,7.500175,False,False,False,False,False,5,5,5,5,5,1,True,False,False,False,False,15,False
5310110,18.69593,15.88668,0.8823527,7.553908,False,False,False,False,False,5,5,5,5,5,1,True,False,False,False,False,15,False
5310110,18.71833,15.86232,0.8799469,7.607282,False,False,False,False,False,5,5,5,5,5,1,True,False,False,False,False,15,False
5310110,18.7395,15.83722,0.8829668,7.668497,False,False,False,False,False,5,5,5,5,5,1,True,False,False,False,False,15,False
5310110,18.76078,15.81795,0.8799013,7.731012,False,False,False,False,False,5,5,5,5,5,1,True,False,False,False,False,15,False
5310110,18.78216,15.80179,0.8826648,7.794395,False,False,False,False,False,5,5,5,5,5,1,True,False,False,False,False,15,False
5310110,18.8031,15.78005,0.8801156,7.865114,False,False,False,False,False,5,5,5,5,5,1,True,False,False,False,False,15,False
5310110,18.82511,15.7605,0.882171,7.941595,False,False,False,False,False,5,5,5,5,5,1,True,False,False,False,False,15,False
5310110,18.84606,15.73523,0.8806536,8.024676,False,False,False,False,False,5,5,5,5,5,1,True,False,False,False,False,15,False
5310110,18.86714,15.70433,0.8818035,8.114083,False,False,False,False,False,5,5,5,5,5,1,True,False,False,False,False,15,False
5310110,18.88938,15.66733,0.8811582,8.210378,True,False,False,False,False,4.9944429397583,5,5,5,5,1,True,False,False,False,False,15,False
5310110,18.91074,15.63675,0.8811817,8.309989,True,False,False,False,False,4.97278833389282,5,5,5,5,1,True,False,False,False,False,15,False
5310110,18.93453,15.6061,0.8821533,8.418943,True,False,False,False,False,4.94856643676758,5,5,5,5,1,True,False,False,False,False,15,False
5310110,18.95638,15.57305,0.8797899,8.524662,True,False,False,False,False,4.90399217605591,5,5,5,5,1,True,False,False,False,False,15,False
5310110,18.97794,15.54668,0.8828092,8.632114,True,False,False,False,False,4.90160226821899,5,5,5,5,1,True,False,False,False,False,15,False
5310110,19.00186,15.52303,0.8795621,8.749938,True,False,False,False,False,4.9580192565918,5,5,5,5,1,True,False,False,False,False,15,False
5310110,19.02392,15.50632,0.8824764,8.857669,False,False,False,False,False,5,5,5,5,5,1,True,False,False,False,False,15,False
5310110,19.04939,15.48499,0.8811694,8.978208,False,False,False,False,False,5,5,5,5,5,1,True,False,False,False,False,15,False
5310110,19.07131,15.46134,0.8810804,9.0777,False,False,False,False,False,5,5,5,5,5,1,True,False,False,False,False,15,False
5310110,19.09701,15.43749,0.8825972,9.190672,False,False,False,False,False,5,5,5,5,5,1,True,False,False,False,False,15,False
5310110,19.11868,15.42544,0.8796131,9.284443,False,False,False,False,False,5,5,5,5,5,1,True,False,False,False,False,15,False
5310110,19.14074,15.4202,0.8829962,9.378612,False,False,False,False,False,5,5,5,5,5,1,True,False,False,False,False,15,False
5310110,19.16155,15.41809,0.8796499,9.466515,False,False,False,False,False,5,5,5,5,5,1,True,False,False,False,False,15,False
5310110,19.18342,15.41273,0.8825267,9.568648,False,False,False,False,False,5,5,5,5,5,1,True,False,False,False,False,15,False
5310110,19.20527,15.41279,0.8803862,9.668498,False,False,False,False,False,5,5,5,5,5,1,True,False,False,False,False,15,False
5310110,19.22672,15.4091,0.881884,9.763136,False,False,False,False,False,5,5,5,5,5,1,True,False,False,False,False,15,False
5310110,19.2474,15.40218,0.880762,9.851511,False,False,False,False,False,5,5,5,5,5,1,True,False,False,False,False,15,False
5310110,19.26838,15.40141,0.8816065,9.93813,False,False,False,False,False,5,5,5,5,5,1,True,False,False,False,False,15,False
5310110,19.28957,15.40486,0.8812176,10.02243,False,False,False,False,False,5,5,5,5,5,1,True,False,False,False,False,15,False
5310110,19.31139,15.40655,0.8811221,10.10412,False,False,False,False,False,5,5,5,5,5,1,True,False,False,False,False,15,False
5310110,19.33323,15.4113,0.8819106,10.18232,False,False,False,False,False,5,5,5,5,5,1,True,False,False,False,False,15,False
5310110,19.35615,15.4159,0.8802876,10.2595,False,False,False,False,False,5,5,5,5,5,1,True,False,False,False,False,15,False
5310110,19.3766,15.41404,0.8824623,10.32537,False,False,False,False,False,5,5,5,5,5,1,True,False,False,False,False,15,False
5310110,19.39832,15.41272,0.8800231,10.38975,False,False,False,False,False,5,5,5,5,5,1,True,False,False,False,False,15,False
5310110,19.42008,15.41754,0.8830104,10.45149,False,False,False,False,False,5,5,5,5,5,1,True,False,False,False,False,15,False
5310110,19.44107,15.42527,0.8799255,10.5087,False,False,False,False,False,5,5,5,5,5,1,True,False,False,False,False,15,False
5310110,19.46309,15.43509,0.8824968,10.5659,False,False,False,False,False,5,5,5,5,5,1,True,False,False,False,False,15,False
5310110,19.48438,15.44086,0.8804031,10.61399,False,False,False,False,False,5,5,5,5,5,1,True,False,False,False,False,15,False
5310110,19.50556,15.44486,0.8820617,10.65446,False,False,False,False,False,5,5,5,5,5,1,True,False,False,False,False,15,False
5310110,19.52795,15.4467,0.8810041,10.69079,False,False,False,False,False,5,5,5,5,5,1,True,False,False,False,False,15,False
5310110,19.55015,15.44554,0.8813608,10.72487,False,False,False,False,False,5,5,5,5,5,1,True,False,False,False,False,15,False
5310110,19.57123,15.44432,0.8815523,10.7521,False,False,False,False,False,5,5,5,5,5,1,True,False,False,False,False,15,False
5310110,19.59511,15.44442,0.8805687,10.7728,False,False,False,False,False,5,5,5,5,5,1,True,False,False,False,False,15,False
5310110,19.6185,15.4447,0.8825865,10.78251,False,False,False,False,False,5,5,5,5,5,1,True,False,False,False,False,15,False
5310110,19.64005,15.4454,0.8800687,10.80179,False,False,False,False,False,5,5,5,5,5,1,True,False,False,False,False,15,False
5310110,19.6627,15.44723,0.8824741,10.83512,False,False,False,False,False,5,5,5,5,5,1,True,False,False,False,False,15,False
5310110,19.68372,15.4488,0.8803197,10.85895,False,False,False,False,False,5,5,5,5,5,1,True,False,False,False,False,15,False
5310110,19.70481,15.45148,0.8821661,10.88087,False,False,False,False,False,5,5,5,5,5,1,True,False,False,False,False,15,False
5310110,19.72663,15.45214,0.8809304,10.90623,False,False,False,False,False,5,5,5,5,5,1,True,False,False,False,False,15,False
5310110,19.74848,15.45415,0.881557,10.94557,False,False,False,False,False,5,5,5,5,5,1,True,False,False,False,False,15,False
5310110,19.77052,15.45657,0.8814059,10.98951,False,False,False,False,False,5,5,5,5,5,1,True,False,False,False,False,15,False
5310110,19.79153,15.45907,0.8810573,11.03431,False,False,False,False,False,5,5,5,5,5,1,True,False,False,False,False,15,False
5310110,19.81335,15.46255,0.8819144,11.09414,False,False,False,False,False,5,5,5,5,5,1,True,False,False,False,False,15,False
5310110,19.83539,15.46595,0.8804648,11.15486,False,False,False,False,False,5,5,5,5,5,1,True,False,False,False,False,15,False
5310110,19.86394,15.47587,0.8823529,11.22817,False,False,False,False,False,5,5,5,5,5,1,True,False,False,False,False,15,False
5310110,19.88619,15.48517,0.8807091,11.28109,False,False,False,False,False,5,5,5,5,5,1,True,False,False,False,False,15,False
5310110,19.90818,15.4909,0.8816673,11.3257,False,False,False,False,False,5,5,5,5,5,1,True,False,False,False,False,15,False
5310110,19.93992,15.49604,0.8828891,11.37612,False,False,False,False,False,5,5,5,5,5,1,True,False,False,False,False,15,False
5310110,19.9613,15.49816,0.8800386,11.39872,False,False,False,False,False,5,5,5,5,5,1,True,False,False,False,False,15,False
5310110,19.98338,15.49932,0.8823504,11.41394,False,False,False,False,False,5,5,5,5,5,1,True,False,False,False,False,15,False
5310110,20.0051,15.49892,0.8806639,11.42544,False,False,False,False,False,5,5,5,5,5,1,True,False,False,False,False,15,False
5310110,20.02729,15.49883,0.8818069,11.42751,False,False,False,False,False,5,5,5,5,5,1,True,False,False,False,False,15,False
5310110,20.04915,15.49864,0.8813086,11.42405,False,False,False,False,False,5,5,5,5,5,1,False,False,False,False,False,15,False
5310110,20.08141,15.4988,0.8827785,11.42253,False,False,False,False,False,5,5,5,5,5,1,False,False,False,False,False,15,False
5310110,20.10324,15.49891,0.8826098,11.42127,False,False,False,False,False,5,5,5,5,5,1,False,False,False,False,False,15,False
5310110,20.12546,15.49793,0.8819594,11.41203,False,False,False,False,False,5,5,5,5,5,1,False,False,False,False,False,15,False
5310110,20.14799,15.49654,0.8827388,11.39642,False,False,False,False,False,5,5,5,5,5,1,False,False,False,False,False,15,False
5310110,20.17093,15.49488,0.8827208,11.37918,False,False,False,False,False,5,5,5,5,5,1,False,False,False,False,False,15,False
5310110,20.20566,15.49327,0.882733,11.35709,False,False,False,False,False,5,5,5,5,5,1,False,False,False,False,False,15,False
5310110,20.22758,15.49233,0.8827318,11.34359,False,False,False,False,False,5,5,5,5,5,1,False,False,False,False,False,15,False
5310110,20.24977,15.49102,0.8827133,11.32514,False,False,False,False,False,5,5,5,5,5,1,False,False,False,False,False,15,False
5310110,20.27292,15.48967,0.8827261,11.30849,False,False,False,False,False,5,5,5,5,5,1,False,False,False,False,False,15,False
5310110,20.29532,15.48837,0.8827252,11.29329,False,False,False,False,False,5,5,5,5,5,1,False,False,False,False,False,15,False
5310110,20.31819,15.48685,0.8827277,11.27784,False,False,False,False,False,5,5,5,5,5,1,False,False,False,False,False,15,False
5310110,20.34099,15.48461,0.8827112,11.25853,False,False,False,False,False,5,5,5,5,5,1,False,False,False,False,False,15,False
5310110,20.36393,15.48205,0.8826972,11.2348,False,False,False,False,False,5,5,5,5,5,1,False,False,False,False,False,15,False
5310110,20.38813,15.47914,0.8827056,11.21213,False,False,False,False,False,5,5,5,5,5,1,False,False,False,False,False,15,False
5310110,20.41011,15.47731,0.8827262,11.1967,False,False,False,False,False,5,5,5,5,5,1,False,False,False,False,False,15,False
5310110,20.4415,15.47673,0.8827549,11.18439,False,False,False,False,False,5,5,5,5,5,1,False,False,False,False,False,15,False
5310110,20.46483,15.47797,0.8824202,11.18002,False,False,False,False,False,5,5,5,5,5,1,False,False,False,False,False,15,False
5310110,20.48798,15.48041,0.8819348,11.18241,False,False,False,False,False,5,5,5,5,5,1,True,False,False,False,False,15,False
5310110,20.51087,15.48198,0.8820138,11.18148,False,False,False,False,False,5,5,5,5,5,1,False,False,False,False,False,15,False
5310110,20.53393,15.48471,0.8823733,11.18673,False,False,False,False,False,5,5,5,5,5,1,True,False,False,False,False,15,False
5310110,20.55611,15.48979,0.8797514,11.20477,False,False,False,False,False,5,5,5,5,5,1,True,False,False,False,False,15,False
5310110,20.57953,15.49689,0.8827659,11.22534,False,False,False,False,False,5,5,5,5,5,1,True,False,False,False,False,15,False
5310110,20.60124,15.49995,0.8803419,11.23575,False,False,False,False,False,5,5,5,5,5,1,True,False,False,False,False,15,False
5310110,20.62463,15.49987,0.8820369,11.23396,False,False,False,False,False,5,5,5,5,5,1,False,False,False,False,False,15,False
5310110,20.64646,15.49732,0.8805864,11.22433,False,False,False,False,False,5,5,5,5,5,1,False,False,False,False,False,15,False
5310110,20.67042,15.49415,0.8827379,11.21119,False,False,False,False,False,5,5,5,5,5,1,False,False,False,False,False,15,False
5310110,20.69414,15.49011,0.8827286,11.19669,False,False,False,False,False,5,5,5,5,5,1,False,False,False,False,False,15,False
5310110,20.72234,15.4872,0.8827597,11.18659,False,False,False,False,False,5,5,5,5,5,1,False,False,False,False,False,15,False
5310110,20.74502,15.487,0.8823811,11.1869,False,False,False,False,False,5,5,5,5,5,1,True,False,False,False,False,15,False
5310110,20.77861,15.48526,0.8826548,11.17969,False,False,False,False,False,5,5,5,5,5,1,False,False,False,False,False,15,False
5310110,20.80107,15.48534,0.8826156,11.1797,False,False,False,False,False,5,5,5,5,5,1,True,False,False,False,False,15,False
5310110,20.84211,15.48957,0.8825334,11.20194,False,False,False,False,False,5,5,5,5,5,1,True,False,False,False,False,15,False
5310110,20.86698,15.48944,0.8810086,11.20997,False,False,False,False,False,5,5,5,5,5,1,True,False,False,False,False,15,False
5310110,20.89012,15.48965,0.8825541,11.20999,False,False,False,False,False,5,5,5,5,5,1,True,False,False,False,False,15,False
5310110,20.91378,15.48922,0.8824018,11.2101,False,False,False,False,False,5,5,5,5,5,1,True,False,False,False,False,15,False
5310110,20.93774,15.48929,0.8827427,11.21001,False,False,False,False,False,5,5,5,5,5,1,False,False,False,False,False,15,False
5310110,20.96276,15.48927,0.8826192,11.21007,False,False,False,False,False,5,5,5,5,5,1,True,False,False,False,False,15,False
5310110,20.98992,15.48952,0.8821919,11.21045,False,False,False,False,False,5,5,5,5,5,1,True,False,False,False,False,15,False
5310110,21.01361,15.48879,0.8805758,11.20875,False,False,False,False,False,5,5,5,5,5,1,False,False,False,False,False,15,False
5310110,21.03679,15.48961,0.8822786,11.21305,False,False,False,False,False,5,5,5,5,5,1,True,False,False,False,False,15,False
5310110,21.0656,15.48886,0.8809155,11.2105,False,False,False,False,False,5,5,5,5,5,1,False,False,False,False,False,15,False
5310110,21.08981,15.48734,0.8827629,11.20465,False,False,False,False,False,5,5,5,5,5,1,False,False,False,False,False,15,False
5310110,21.11271,15.48668,0.8827801,11.20286,False,False,False,False,False,5,5,5,5,5,1,False,False,False,False,False,15,False
5310110,21.13678,15.48582,0.8827588,11.19959,False,False,False,False,False,5,5,5,5,5,1,False,False,False,False,False,15,False
5310110,21.15977,15.4855,0.8827704,11.19607,False,False,False,False,False,5,5,5,5,5,1,False,False,False,False,False,15,False
5310110,21.18629,15.48665,0.8824966,11.19441,False,False,False,False,False,5,5,5,5,5,1,False,False,False,False,False,15,False
5310110,21.20872,15.4887,0.8823842,11.19381,False,False,False,False,False,5,5,5,5,5,1,False,False,False,False,False,15,False
5310110,21.23192,15.49192,0.8807253,11.19282,False,False,False,False,False,5,5,5,5,5,1,False,False,False,False,False,15,False
5310110,21.25527,15.49559,0.8819488,11.19699,False,False,False,False,False,5,5,5,5,5,1,True,False,False,False,False,15,False
5310110,21.27901,15.49607,0.8813237,11.1979,False,False,False,False,False,5,5,5,5,5,1,True,False,False,False,False,15,False
5310110,21.30306,15.49654,0.8825909,11.19661,False,False,False,False,False,5,5,5,5,5,1,False,False,False,False,False,15,False
5310110,21.32741,15.49637,0.8818014,11.19618,False,False,False,False,False,5,5,5,5,5,1,False,False,False,False,False,15,False
5310110,21.35172,15.49651,0.8825931,11.19703,False,False,False,False,False,5,5,5,5,5,1,True,False,False,False,False,15,False
5310110,21.3758,15.50008,0.8820925,11.20639,False,False,False,False,False,5,5,5,5,5,1,True,False,False,False,False,15,False
5310110,21.39925,15.5053,0.8819854,11.2164,False,False,False,False,False,5,5,5,5,5,1,True,False,False,False,False,15,False
5310110,21.42315,15.50863,0.881892,11.22701,False,False,False,False,False,5,5,5,5,5,1,True,False,False,False,False,15,False
5310110,21.44783,15.50787,0.8819967,11.2297,False,False,False,False,False,5,5,5,5,5,1,True,False,False,False,False,15,False
5310110,21.47013,15.50719,0.8824129,11.22916,False,False,False,False,False,5,5,5,5,5,1,False,False,False,False,False,15,False
5310110,21.50114,15.50574,0.8818516,11.2293,False,False,False,False,False,5,5,5,5,5,1,True,False,False,False,False,15,False
5310110,21.52396,15.50692,0.8825947,11.23054,False,False,False,False,False,5,5,5,5,5,1,True,False,False,False,False,15,False
5310110,21.55115,15.50951,0.8814646,11.23891,False,False,False,False,False,5,5,5,5,5,1,True,False,False,False,False,15,False
5310110,21.57501,15.50943,0.8816694,11.24238,False,False,False,False,False,5,5,5,5,5,1,True,False,False,False,False,15,False
5310110,21.59752,15.5093,0.8826432,11.24667,False,False,False,False,False,5,5,5,5,5,1,True,False,False,False,False,15,False
5310110,21.62113,15.50969,0.8794973,11.24868,False,False,False,False,False,5,5,5,5,5,1,True,False,False,False,False,15,False
5310110,21.64438,15.50954,0.8825622,11.24867,False,False,False,False,False,5,5,5,5,5,1,False,False,False,False,False,15,False
5310110,21.668,15.50888,0.8822805,11.24888,False,False,False,False,False,5,5,5,5,5,1,True,False,False,False,False,15,False
5310110,21.69283,15.51043,0.8824129,11.24973,False,False,False,False,False,5,5,5,5,5,1,True,False,False,False,False,15,False
5310110,21.71626,15.51372,0.882845,11.26135,False,False,False,False,False,5,5,5,5,5,1,True,False,False,False,False,15,False
5310110,21.74038,15.51583,0.8791168,11.26975,False,False,False,False,False,5,5,5,5,5,1,True,False,False,False,False,15,False
5310110,21.7651,15.51585,0.8827833,11.26973,False,False,False,False,False,5,5,5,5,5,1,False,False,False,False,False,15,False
5310110,21.79047,15.51624,0.882476,11.26955,False,False,False,False,False,5,5,5,5,5,1,False,False,False,False,False,15,False
5310110,21.81403,15.51776,0.8826407,11.27488,False,False,False,False,False,5,5,5,5,5,1,True,False,False,False,False,15,False
5310110,21.8476,15.52239,0.8808916,11.28478,False,False,False,False,False,5,5,5,5,5,1,True,False,False,False,False,15,False
5310110,21.87179,15.5247,0.8823309,11.28953,False,False,False,False,False,5,5,5,5,5,1,True,False,False,False,False,15,False
5310110,21.89618,15.52545,0.882745,11.29062,False,False,False,False,False,5,5,5,5,5,1,True,False,False,False,False,15,False
5310110,21.92365,15.52342,0.8821151,11.28058,False,False,False,False,False,5,5,5,5,5,1,False,False,False,False,False,15,False
5310110,21.94759,15.51773,0.8825626,11.26805,False,False,False,False,False,5,5,5,5,5,1,False,False,False,False,False,15,False
5310110,21.97249,15.51206,0.8826036,11.2538,False,False,False,False,False,5,5,5,5,5,1,False,False,False,False,False,15,False
5310110,21.99594,15.50791,0.882333,11.23887,False,False,False,False,False,5,5,5,5,5,1,False,False,False,False,False,15,False
5310110,22.02014,15.50312,0.882785,11.22607,False,False,False,False,False,5,5,5,5,5,1,False,False,False,False,False,15,False
5310110,22.04348,15.49968,0.881982,11.21706,False,False,False,False,False,5,5,5,5,5,1,False,False,False,False,False,15,False
5310110,22.06806,15.50159,0.8816285,11.21497,False,False,False,False,False,5,5,5,5,5,1,False,False,False,False,False,15,False
5310110,22.0918,15.50234,0.8813896,11.21113,False,False,False,False,False,5,5,5,5,5,1,False,False,False,False,False,15,False
5310110,22.11637,15.50165,0.8827654,11.20639,False,False,False,False,False,5,5,5,5,5,1,False,False,False,False,False,15,False
5310110,22.14137,15.49843,0.8827387,11.19888,False,False,False,False,False,5,5,5,5,5,1,False,False,False,False,False,15,False
5310110,22.16573,15.49292,0.8827289,11.18741,False,False,False,False,False,5,5,5,5,5,1,False,False,False,False,False,15,False
5310110,22.19061,15.48813,0.88275,11.17842,False,False,False,False,False,5,5,5,5,5,1,False,False,False,False,False,15,False
5310110,22.21581,15.48358,0.8827497,11.17244,False,False,False,False,False,5,5,5,5,5,1,False,False,False,False,False,15,False
5310110,22.24099,15.47945,0.8827551,11.16701,False,False,False,False,False,5,5,5,5,5,1,False,False,False,False,False,15,False
5310110,22.26572,15.47706,0.8825847,11.1643,False,False,False,False,False,5,5,5,5,5,1,False,False,False,False,False,15,False
5310110,22.29042,15.47612,0.8825161,11.1636,False,False,False,False,False,5,5,5,5,5,1,False,False,False,False,False,15,False
5310110,22.31463,15.47632,0.8803617,11.16501,False,False,False,False,False,5,5,5,5,5,1,True,False,False,False,False,15,False
5310110,22.33908,15.47789,0.8826306,11.16529,False,False,False,False,False,5,5,5,5,5,1,True,False,False,False,False,15,False
5310110,22.36879,15.47804,0.8823757,11.16656,False,False,False,False,False,5,5,5,5,5,1,True,False,False,False,False,15,False
5310110,22.39533,15.47989,0.882009,11.16745,False,False,False,False,False,5,5,5,5,5,1,True,False,False,False,False,15,False
5310110,22.41975,15.4785,0.8831902,11.16886,False,False,False,False,False,5,5,5,5,5,1,True,False,False,False,False,15,False
5310110,22.44463,15.47744,0.880173,11.16796,False,False,False,False,False,5,5,5,5,5,1,False,False,False,False,False,15,False
5310110,22.46988,15.47597,0.8823724,11.16633,False,False,False,False,False,5,5,5,5,5,1,False,False,False,False,False,15,False
5310110,22.49514,15.47427,0.8826765,11.16247,False,False,False,False,False,5,5,5,5,5,1,False,False,False,False,False,15,False
5310110,22.52146,15.47757,0.8820742,11.16727,False,False,False,False,False,5,5,5,5,5,1,True,False,False,False,False,15,False
5310110,22.54685,15.48549,0.8817874,11.1918,False,False,False,False,False,5,5,5,5,5,1,True,False,False,False,False,15,False
5310110,22.57321,15.49982,0.8818042,11.22599,False,False,False,False,False,5,5,5,5,5,1,True,False,False,False,False,15,False
5310110,22.61252,15.52444,0.8817973,11.26981,False,False,False,False,False,5,5,5,5,5,1,True,False,False,False,False,15,False
5310110,22.63858,15.53788,0.8800796,11.29642,False,False,False,False,False,5,5,5,5,5,1,True,False,False,False,False,15,False
5310110,22.66334,15.5555,0.8823739,11.33587,False,False,False,False,False,5,5,5,5,5,1,True,False,False,False,False,15,False
5310110,22.68898,15.57734,0.8811514,11.38951,False,False,False,False,False,5,5,5,5,5,1,True,False,False,False,False,15,False
5310110,22.7145,15.59532,0.8807727,11.43743,False,False,False,False,False,5,5,5,5,5,1,True,False,False,False,False,15,False
5310110,22.7395,15.60983,0.8828575,11.47994,False,False,False,False,False,5,5,5,5,5,1,True,False,False,False,False,15,False
5310110,22.76414,15.62173,0.8804041,11.51109,False,False,False,False,False,5,5,5,5,5,1,True,False,False,False,False,15,False
5310110,22.78887,15.63343,0.8815814,11.53947,False,False,False,False,False,5,5,5,5,5,1,True,False,False,False,False,15,False
5310110,22.81796,15.64899,0.8826078,11.58247,False,False,False,False,False,5,5,5,5,5,1,True,False,False,False,False,15,False
5310110,22.84186,15.66351,0.8800091,11.61403,False,False,False,False,False,5,5,5,5,5,1,True,False,False,False,False,15,False
5310110,22.86631,15.68007,0.8819234,11.6426,False,False,False,False,False,5,5,5,5,5,1,True,False,False,False,False,15,False
5310110,22.89379,15.69922,0.8819333,11.67137,False,False,False,False,False,5,5,5,5,5,1,True,False,False,False,False,15,False
5310110,22.91815,15.71174,0.8800942,11.69024,False,False,False,False,False,5,5,5,5,5,1,True,False,False,False,False,15,False
5310110,22.94333,15.72903,0.8823838,11.72223,False,False,False,False,False,5,5,5,5,5,1,True,False,False,False,False,15,False
5310110,22.9724,15.75857,0.8817968,11.78054,False,False,False,False,False,5,5,5,5,5,1,True,False,False,False,False,15,False
5310110,22.99734,15.79206,0.8802668,11.84684,False,False,False,False,False,5,5,5,5,5,1,True,False,False,False,False,15,False
5310110,23.02216,15.83346,0.8827134,11.9284,False,False,False,False,False,5,5,5,5,5,1,True,False,False,False,False,15,False
5310110,23.05997,15.89926,0.8831124,12.07232,False,False,False,False,True,5,5,5,5,4.99872732162476,1,True,False,False,False,False,15,False
5310110,23.08584,15.95179,0.8807305,12.18394,False,False,False,False,True,5,5,5,5,4.93581247329712,1,True,False,False,False,False,15,False
5310110,23.11143,16.0119,0.8808703,12.30721,False,False,False,False,True,5,5,5,5,4.86353778839111,1,True,False,False,False,False,15,False
5310110,23.13644,16.07777,0.8825732,12.43999,False,False,False,False,True,5,5,5,5,4.78392791748047,1,True,False,False,False,False,15,False
5310110,23.16185,16.15394,0.8797172,12.57163,False,False,False,False,True,5,5,5,5,4.66403293609619,1,True,False,False,False,False,15,False
5310110,23.191,16.24722,0.8811595,12.72175,False,False,False,False,True,5,5,5,5,4.49908924102783,1,True,False,False,False,False,15,False
5310110,23.21584,16.3302,0.8825217,12.85355,False,False,False,False,True,5,5,5,5,4.35874843597412,1,True,False,False,False,False,15,False
5310110,23.24061,16.40906,0.8795372,12.98324,False,False,False,False,True,5,5,5,5,4.23949527740479,1,True,False,False,False,False,15,False
5310110,23.26495,16.48376,0.8823433,13.11163,False,False,False,False,True,5,5,5,5,4.15243625640869,1,True,False,False,False,False,15,False
5310110,23.28862,16.55535,0.881086,13.24515,False,False,False,False,True,5,5,5,5,4.07733964920044,1,True,False,False,False,False,15,False
5310110,23.31281,16.618,0.8808262,13.3842,False,False,False,False,True,5,5,5,5,4.03885889053345,1,True,False,False,False,False,15,False
5310110,23.33689,16.68144,0.8827087,13.5187,False,False,False,False,True,5,5,5,5,3.99379682540894,1,True,False,False,False,False,15,False
5310110,23.36411,16.75583,0.8802038,13.66481,False,False,False,False,True,5,5,5,5,3.90894770622253,1,True,False,False,False,False,15,False
5310110,23.39032,16.82745,0.8812693,13.80134,False,False,False,False,True,5,5,5,5,3.82397031784058,1,True,False,False,False,False,15,False
5310110,23.41588,16.90013,0.8825148,13.93904,False,False,False,False,True,5,5,5,5,3.73775601387024,1,True,False,False,False,False,15,False
5310110,23.44202,16.96561,0.8798064,14.08646,False,False,False,False,True,5,5,5,5,3.68225288391113,1,True,False,False,False,False,15,False
5310110,23.46817,17.02856,0.881695,14.23127,False,False,False,False,True,5,5,5,5,3.64775705337524,1,True,False,False,False,False,15,False
5310110,23.50663,17.14292,0.8820014,14.42631,False,False,False,False,True,5,5,5,5,3.51438617706299,1,True,False,False,False,False,15,False
5310110,23.53209,17.22044,0.8817695,14.55727,False,False,False,False,True,5,5,5,5,3.40890192985535,1,True,False,False,False,False,15,False
5310110,23.55643,17.28329,0.8801106,14.69232,False,False,False,False,True,5,5,5,5,3.34765648841858,1,True,False,False,False,False,15,False
5310110,23.58313,17.34004,0.8826824,14.84265,False,False,False,False,True,5,5,5,5,3.32561278343201,1,True,False,False,False,False,15,False
5310110,23.60846,17.38928,0.8810178,14.98335,False,False,False,False,True,5,5,5,5,3.32846307754517,1,True,False,False,False,False,15,False
5310110,23.63309,17.44156,0.880697,15.11484,False,False,False,False,True,5,5,5,5,3.29813098907471,1,True,False,False,False,False,15,False
5310110,23.65892,17.50115,0.8831019,15.25862,False,False,False,False,True,5,5,5,5,3.22919631004334,1,True,False,False,False,False,15,False
5310110,23.68288,17.56602,0.8799598,15.38793,False,False,False,False,True,5,5,5,5,3.12313318252563,1,True,False,False,False,False,15,False
5310110,23.70825,17.64069,0.8816971,15.51903,False,False,False,False,True,5,5,5,5,2.97797346115112,1,True,False,False,False,False,15,False
5310110,23.73342,17.71526,0.882045,15.65331,False,False,False,False,True,5,5,5,5,2.83774304389954,1,True,False,False,False,False,15,False
5310110,23.75995,17.7899,0.879437,15.80029,False,False,False,False,True,5,5,5,5,2.72435283660889,1,True,False,False,False,False,15,False
5310110,23.78626,17.86909,0.8821558,15.95799,False,False,False,True,True,5,5,5,4.90254068374634,2.62905025482178,1,True,False,False,False,False,15,False
5310110,23.81404,17.95554,0.8822284,16.13071,False,False,False,True,True,5,5,5,4.70836400985718,2.52530527114868,1,True,False,False,False,False,15,False
5310110,23.83895,18.03122,0.8797637,16.28257,False,False,False,True,True,5,5,5,4.53920888900757,2.43473029136658,1,True,False,False,False,False,15,False
5310110,23.86547,18.11077,0.8823164,16.44064,False,False,False,True,True,5,5,5,4.35995197296143,2.33906364440918,1,True,False,False,False,False,15,False
5310110,23.89091,18.18509,0.8816109,16.58919,False,False,False,True,True,5,5,5,4.19344520568848,2.24998116493225,1,True,False,False,False,False,15,False
5310110,23.9167,18.2518,0.8801138,16.74035,False,False,False,True,True,5,5,5,4.09811401367188,2.1793475151062,1,True,False,False,False,False,15,False
5310110,23.94292,18.32015,0.8827583,16.88982,False,False,True,True,True,5,5,4.96980047225952,3.95241689682007,2.09854578971863,1,True,False,False,False,False,15,False
5310110,23.9699,18.39537,0.8813549,17.03661,False,False,True,True,True,5,5,4.75879716873169,3.75168824195862,2.00289583206177,1,True,False,False,False,False,15,False
5310110,23.99557,18.47612,0.8802741,17.16798,False,False,True,True,True,5,5,4.42404985427856,3.45738816261292,1.88651382923126,1,True,False,False,False,False,15,False
5310110,24.02148,18.55306,0.8830101,17.29933,False,False,True,True,True,5,5,4.15860843658447,3.21888947486877,1.78258323669434,1,True,False,False,False,False,15,False
5310110,24.05224,18.63978,0.881789,17.45944,False,True,True,True,True,5,4.91290903091431,3.97339773178101,3.03389048576355,1.68032836914063,1,True,False,False,False,False,15,False
5310110,24.07918,18.72195,0.8795644,17.6136,False,True,True,True,True,5,4.73770332336426,3.79832434654236,2.85894560813904,1.58354890346527,1,True,False,False,False,False,15,False
5310110,24.10506,18.81308,0.8823869,17.75534,False,True,True,True,True,5,4.43157482147217,3.51918506622314,2.60679531097412,1.46579718589783,1,True,False,False,False,False,15,False
5310110,24.13014,18.89727,0.8814443,17.89118,False,True,True,True,True,5,4.12251138687134,3.24383234977722,2.36515760421753,1.35562312602997,1,True,False,False,False,False,15,False
5310110,24.15954,18.9843,0.8795277,18.05231,False,True,True,True,True,5,3.91592860221863,3.04534363746643,2.17476224899292,1.25230467319489,1,True,False,False,False,False,15,False
5310110,24.18525,19.06926,0.8823458,18.20187,False,True,True,True,True,5,3.74397850036621,2.87369894981384,2.00341939926147,1.15384066104889,1,True,False,False,False,False,15,False
5310110,24.21153,19.15993,0.881735,18.3607,False,True,True,True,True,5,3.56138038635254,2.69128632545471,1.8211921453476,1.04900169372559,1,True,False,False,False,False,15,False
5310110,24.24133,19.26629,0.8798189,18.5466,False,True,True,True,True,5,3.34758543968201,2.47764873504639,1.60770833492279,0.92611825466156,1,True,False,False,False,False,15,False
5310110,24.26696,19.36518,0.8821427,18.71812,False,True,True,True,True,5,3.14799618721008,2.27834844589233,1.40870070457459,0.811616241931915,1,True,False,False,False,False,15,False
5310110,24.29362,19.46341,0.8822579,18.90468,False,True,True,True,True,5,2.9831531047821,2.10266590118408,1.22217881679535,0.699782490730286,1,True,False,False,False,False,15,False
5310110,24.31928,19.56371,0.8798648,19.07681,False,True,True,True,True,5,2.79462003707886,1.90901184082031,1.02340340614319,0.584256827831268,1,True,False,False,False,False,15,False
5310110,24.34786,19.67393,0.8819849,19.2642,False,True,True,True,True,5,2.56937217712402,1.68408584594727,0.798799335956573,0.456114739179611,1,True,False,False,False,False,15,False
5310110,24.37618,19.77892,0.8827214,19.44758,False,True,True,True,True,5,2.35521864891052,1.47016882896423,0.585114896297455,0.334145605564117,1,True,False,False,False,False,15,False
5310110,24.40495,19.82794,0.8806564,19.55479,False,True,True,True,True,5,2.30170249938965,1.39718294143677,0.492663145065308,0.278255224227905,1,True,False,False,False,False,15,False
5310110,24.43545,19.83777,0.881804,19.65756,False,True,True,True,True,5,3.41622304916382,2.03785014152527,0.659477055072784,0.293832272291183,1,True,False,False,False,False,15,False
5310110,24.4617,19.85163,0.8830043,19.7437,False,False,True,True,True,5,5,3.80078530311584,1.17613172531128,0.33693528175354,1,True,False,False,False,False,15,False
5310110,24.48856,19.86532,0.8811668,19.83172,False,False,False,True,True,5,5,5,2.80814981460571,0.389557719230652,1,True,False,False,False,False,15,False
5310110,24.51589,19.87941,0.8820158,19.91982,False,False,False,False,True,5,5,5,5,0.485991030931473,1,True,False,False,False,False,15,False
5310110,24.54289,19.89264,0.8825822,20.00768,False,False,False,False,True,5,5,5,5,0.671110212802887,1,True,False,False,False,False,15,False
5310110,24.57047,19.90253,0.8812956,20.09678,False,False,False,False,True,5,5,5,5,0.896673619747162,1,True,False,False,False,False,15,False
5310110,24.59659,19.89169,0.8826133,20.18066,False,False,False,False,True,5,5,5,5,1.21327745914459,1,True,False,False,False,False,15,False
5310110,24.62477,19.86898,0.8825483,20.27331,False,False,False,False,True,5,5,5,5,1.60735738277435,1,True,False,False,False,False,15,False
5310110,24.65417,19.85281,0.8822043,20.36904,False,False,False,False,True,5,5,5,5,2.32521986961365,1,True,False,False,False,False,15,False
5310110,24.68116,19.82751,0.8821822,20.45629,False,False,False,False,True,5,5,5,5,3.45801639556885,1,True,False,False,False,False,15,False
5310110,24.71035,19.81357,0.8818972,20.55279,False,False,False,False,False,5,5,5,5,5,1,True,False,False,False,False,15,False
5310110,24.73781,19.79131,0.8829395,20.64259,False,False,False,False,False,5,5,5,5,5,1,True,False,False,False,False,15,False
5310110,24.76678,19.77271,0.8824131,20.73562,False,False,False,False,False,5,5,5,5,5,1,True,False,False,False,False,15,False
5310110,24.79439,19.76082,0.8829367,20.82512,False,False,False,False,False,5,5,5,5,5,1,True,False,False,False,False,15,False
5310110,24.82158,19.74482,0.879841,20.91271,False,False,False,False,False,5,5,5,5,5,1,True,False,False,False,False,15,False
5310110,24.84997,19.73741,0.8824511,21.00272,False,False,False,False,False,5,5,5,5,5,1,True,False,False,False,False,15,False
5310110,24.87938,19.72359,0.8838599,21.0961,False,False,False,False,False,5,5,5,5,5,1,True,False,False,False,False,15,False
5310110,24.90673,19.69201,0.8821938,21.15755,False,False,False,False,False,5,5,5,5,5,1,True,False,False,False,False,15,False
5310110,24.93494,19.65023,0.8807902,21.21244,False,False,False,False,False,5,5,5,5,5,1,True,False,False,False,False,15,False
5310110,24.96284,19.61559,0.8824971,21.25776,False,False,False,False,False,5,5,5,5,5,1,True,False,False,False,False,15,False
5310110,24.99006,19.58294,0.881394,21.29734,False,False,False,False,False,5,5,5,5,5,1,True,False,False,False,False,15,False
5310110,25.01657,19.54794,0.8803149,21.33851,False,False,False,False,False,5,5,5,5,5,1,True,False,False,False,False,15,False
5310110,25.04455,19.51161,0.8822005,21.37441,False,False,False,False,False,5,5,5,5,5,1,True,False,False,False,False,15,False
5310110,25.08255,19.46705,0.8825297,21.42029,False,False,False,False,False,5,5,5,5,5,1,True,False,False,False,False,15,False
5310110,25.11088,19.43503,0.8815593,21.45971,False,False,False,False,False,5,5,5,5,5,1,True,False,False,False,False,15,False
5310110,25.1396,19.39855,0.8798671,21.50098,False,False,False,False,False,5,5,5,5,5,1,True,False,False,False,False,15,False
5310110,25.16766,19.37033,0.8817635,21.53954,False,False,False,False,False,5,5,5,5,5,1,True,False,False,False,False,15,False
5310110,25.19603,19.34241,0.8823154,21.57491,False,False,False,False,False,5,5,5,5,5,1,True,False,False,False,False,15,False
5310110,25.22575,19.31731,0.880608,21.6104,False,False,False,False,False,5,5,5,5,5,1,True,False,False,False,False,15,False
5310110,25.25344,19.2991,0.8808209,21.64326,False,False,False,False,False,5,5,5,5,5,1,True,False,False,False,False,15,False
5310110,25.28101,19.28102,0.8827243,21.67193,False,False,False,False,False,5,5,5,5,5,1,True,False,False,False,False,15,False
5310110,25.31003,19.26313,0.8813406,21.69823,False,False,False,False,False,5,5,5,5,5,1,True,False,False,False,False,15,False
5310110,25.33777,19.24351,0.8802884,21.73237,False,False,False,False,False,5,5,5,5,5,1,True,False,False,False,False,15,False
5310110,25.36521,19.21069,0.8821394,21.78563,False,False,False,False,False,5,5,5,5,5,1,True,False,False,False,False,15,False
5310110,25.39767,19.16568,0.8826139,21.85792,False,False,False,False,False,5,5,5,5,5,1,True,False,False,False,False,15,False
5310110,25.42503,19.13507,0.8805959,21.90718,False,False,False,False,False,5,5,5,5,5,1,True,False,False,False,False,15,False
5310110,25.46109,19.09904,0.8800851,21.95921,False,False,False,False,False,5,5,5,5,5,1,True,False,False,False,False,15,False
5310110,25.49196,19.06969,0.8811179,21.99523,False,False,False,False,False,5,5,5,5,5,1,True,False,False,False,False,15,False
5310110,25.51862,19.05409,0.8826544,22.01702,False,False,False,False,False,5,5,5,5,5,1,True,False,False,False,False,15,False
5310110,25.54645,19.044,0.880913,22.03671,False,False,False,False,False,5,5,5,5,5,1,True,False,False,False,False,15,False
5310110,25.58466,19.03561,0.880636,22.06138,False,False,False,False,False,5,5,5,5,5,1,True,False,False,False,False,15,False
5310110,25.61347,19.03323,0.8818634,22.07313,False,False,False,False,False,5,5,5,5,5,1,True,False,False,False,False,15,False
5310110,25.65463,19.03628,0.88221,22.08007,False,False,False,False,False,5,5,5,5,5,1,True,False,False,False,False,15,False
5310110,25.68369,19.0339,0.8822333,22.09745,False,False,False,False,False,5,5,5,5,5,1,True,False,False,False,False,15,False
5310110,25.71114,19.02526,0.8812234,22.12505,False,False,False,False,False,5,5,5,5,5,1,True,False,False,False,False,15,False
5310110,25.74201,19.02045,0.8804859,22.14807,False,False,False,False,False,5,5,5,5,5,1,True,False,False,False,False,15,False
5310110,25.77023,19.02034,0.8818977,22.16609,False,False,False,False,True,5,5,5,5,4.65202379226685,1,True,False,False,False,False,15,False
5310110,25.79808,19.0207,0.8826438,22.18172,False,False,False,False,True,5,5,5,5,3.90178918838501,1,True,False,False,False,False,15,False
5310110,25.82492,19.01939,0.8801744,22.19269,False,False,False,False,True,5,5,5,5,3.54656863212585,1,True,False,False,False,False,15,False
5310110,25.85301,19.01804,0.8818028,22.19999,False,False,False,False,True,5,5,5,5,3.3655800819397,1,True,False,False,False,False,15,False
5310110,25.88031,19.01909,0.8827721,22.19614,False,False,False,False,True,5,5,5,5,3.32472801208496,1,False,False,False,False,False,15,False
5310110,25.90812,19.02136,0.8827416,22.18284,False,False,False,False,True,5,5,5,5,3.31781768798828,1,False,False,False,False,False,15,False
5310110,25.93408,19.0232,0.8827549,22.17236,False,False,False,False,True,5,5,5,5,3.31234931945801,1,False,False,False,False,False,15,False
5310110,25.96101,19.02326,0.8827082,22.17172,False,False,False,False,True,5,5,5,5,3.31224250793457,1,False,False,False,False,False,15,False
5310110,25.98939,19.02045,0.8819926,22.18521,False,False,False,False,True,5,5,5,5,3.32135272026062,1,True,False,False,False,False,15,False
5310110,26.0172,19.01966,0.8814337,22.18745,False,False,False,False,True,5,5,5,5,3.32329845428467,1,True,False,False,False,False,15,False
5310110,26.04436,19.0184,0.8820133,22.19895,False,False,False,False,True,5,5,5,5,3.32376980781555,1,True,False,False,False,False,15,False
5310110,26.07335,19.0148,0.8816323,22.22639,False,False,False,False,True,5,5,5,5,3.2814028263092,1,True,False,False,False,False,15,False
5310110,26.10149,19.01029,0.8803979,22.24961,False,False,False,False,True,5,5,5,5,3.27605438232422,1,True,False,False,False,False,15,False
5310110,26.13072,19.00536,0.8812551,22.26989,False,False,False,False,True,5,5,5,5,3.36516523361206,1,True,False,False,False,False,15,False
5310110,26.15921,19.00372,0.8826897,22.28099,False,False,False,False,True,5,5,5,5,3.37104511260986,1,True,False,False,False,False,15,False
5310110,26.20124,19.00534,0.8827388,22.28734,False,False,False,False,True,5,5,5,5,3.12663578987122,1,True,False,False,False,False,15,False
5310110,26.24199,19.00853,0.8825709,22.28821,False,False,False,False,True,5,5,5,5,2.81118011474609,1,True,False,False,False,False,15,False
5310110,26.27239,19.00876,0.8814101,22.2932,False,False,False,False,True,5,5,5,5,2.76204538345337,1,True,False,False,False,False,15,False
5310110,26.30026,19.00605,0.8801981,22.31642,False,False,False,False,True,5,5,5,5,2.76893281936646,1,True,False,False,False,False,15,False
5310110,26.32746,19.00116,0.8817569,22.36382,False,False,False,False,True,5,5,5,5,2.78034281730652,1,True,False,False,False,False,15,False
5310110,26.35557,18.99361,0.8822971,22.43356,False,False,False,False,True,5,5,5,5,2.79908061027527,1,True,False,False,False,False,15,False
5310110,26.3849,18.98305,0.8806408,22.53038,False,False,False,False,True,5,5,5,5,2.82525253295898,1,True,False,False,False,False,15,False
5310110,26.41398,18.96695,0.8807052,22.64021,False,False,False,False,True,5,5,5,5,2.90559196472168,1,True,False,False,False,False,15,False
5310110,26.44101,18.95044,0.882952,22.75251,False,False,False,False,True,5,5,5,5,2.9647810459137,1,True,False,False,False,False,15,False
5310110,26.4682,18.93724,0.8810265,22.88187,False,False,False,False,True,5,5,5,5,2.97329568862915,1,True,False,False,False,False,15,False
5310110,26.49611,18.92739,0.8798026,23.0209,False,False,False,False,True,5,5,5,5,2.96276044845581,1,True,False,False,False,False,15,False
5310110,26.52513,18.91333,0.8821915,23.16821,False,False,False,False,True,5,5,5,5,2.99604725837708,1,True,False,False,False,False,15,False
5310110,26.55412,18.89314,0.882019,23.31022,False,False,False,False,True,5,5,5,5,3.08801531791687,1,True,False,False,False,False,15,False
5310110,26.58146,18.87342,0.8798054,23.44009,False,False,False,False,True,5,5,5,5,3.15566515922546,1,True,False,False,False,False,15,False
5310110,26.60942,18.85763,0.8814018,23.56777,False,False,False,False,True,5,5,5,5,3.19431972503662,1,True,False,False,False,False,15,False
5310110,26.63704,18.84897,0.882595,23.69027,False,False,False,False,True,5,5,5,5,3.16123867034912,1,True,False,False,False,False,15,False
5310110,26.66533,18.84924,0.8803768,23.81274,False,False,False,False,True,5,5,5,5,2.98789739608765,1,True,False,False,False,False,15,False
5310110,26.69441,18.84994,0.8804053,23.94353,False,False,False,False,True,5,5,5,5,2.79851198196411,1,True,False,False,False,False,15,False
5310110,26.72263,18.83792,0.8826665,24.07452,False,False,False,False,True,5,5,5,5,2.7521493434906,1,True,False,False,False,False,15,False
5310110,26.75165,18.826,0.881574,24.2049,False,False,False,False,True,5,5,5,5,2.75277948379517,1,True,False,False,False,False,15,False
5310110,26.78053,18.83055,0.8794865,24.33153,False,False,False,False,True,5,5,5,5,2.63639569282532,1,True,False,False,False,False,15,False
5310110,26.80991,18.84463,0.8812631,24.45586,False,False,False,False,True,5,5,5,5,2.42262935638428,1,True,False,False,False,False,15,False
5310110,26.83829,18.85718,0.8827928,24.57061,False,False,False,False,True,5,5,5,5,2.24701976776123,1,True,False,False,False,False,15,False
5310110,26.86543,18.8751,0.880457,24.67504,False,False,False,False,True,5,5,5,5,2.06467223167419,1,True,False,False,False,False,15,False
5310110,26.89408,18.90123,0.8805044,24.78053,False,False,False,False,True,5,5,5,5,1.86321985721588,1,True,False,False,False,False,15,False
5310110,26.92089,18.92392,0.8829063,24.8728,False,False,False,False,True,5,5,5,5,1.72597980499268,1,True,False,False,False,False,15,False
5310110,26.94878,18.94244,0.8810742,24.96037,False,False,False,True,True,5,5,5,4.88722372055054,1.64030122756958,1,True,False,False,False,False,15,False
5310110,26.99241,18.96176,0.8817791,25.09253,False,False,False,True,True,5,5,5,4.48854303359985,1.58311915397644,1,True,False,False,False,False,15,False
5310110,27.02203,18.9822,0.8800749,25.17536,False,False,False,True,True,5,5,5,4.25158786773682,1.53875482082367,1,True,False,False,False,False,15,False
5310110,27.05479,19.01083,0.8805854,25.25702,False,False,False,True,True,5,5,5,3.84954857826233,1.46771717071533,1,True,False,False,False,False,15,False
5310110,27.08473,19.02938,0.8822109,25.31838,False,False,False,True,True,5,5,5,3.75521183013916,1.43894505500793,1,True,False,False,False,False,15,False
5310110,27.11798,19.04419,0.8825846,25.36922,False,False,False,True,True,5,5,5,3.70106291770935,1.41830396652222,1,True,False,False,False,False,15,False
5310110,27.14737,19.0614,0.881012,25.42903,False,False,False,True,True,5,5,5,3.63856339454651,1.39438438415527,1,True,False,False,False,False,15,False
5310110,27.1772,19.08557,0.8801336,25.50094,False,False,False,True,True,5,5,5,3.46772027015686,1.35152721405029,1,True,False,False,False,False,15,False
5310110,27.20551,19.11266,0.8821407,25.58522,False,False,False,True,True,5,5,5,3.35809087753296,1.31252229213715,1,True,False,False,False,False,15,False
5310110,27.23563,19.13959,0.8823578,25.6896,False,False,False,True,True,5,5,5,3.33420515060425,1.28339958190918,1,True,False,False,False,False,15,False
5310110,27.26465,19.1628,0.8804371,25.78178,False,False,False,True,True,5,5,5,3.27097249031067,1.25351297855377,1,True,False,False,False,False,15,False
5310110,27.29365,19.18888,0.8807821,25.86358,False,False,True,True,True,5,5,4.82381153106689,3.11575484275818,1.2104332447052,1,True,False,False,False,False,15,False
5310110,27.32269,19.22097,0.8825558,25.93996,False,False,True,True,True,5,5,4.37204790115356,2.79185891151428,1.14129865169525,1,True,False,False,False,False,15,False
5310110,27.35297,19.25751,0.8817835,26.01405,False,False,True,True,True,5,5,3.74103808403015,2.36134791374207,1.05149114131927,1,True,False,False,False,False,15,False
5310110,27.38344,19.28693,0.8802139,26.08683,False,True,True,True,True,5,4.52891254425049,3.29565763473511,2.06239795684814,0.982429206371307,1,True,False,False,False,False,15,False
5310110,27.4132,19.30885,0.8807726,26.15621,False,True,True,True,True,5,4.26493072509766,3.09243845939636,1.91995131969452,0.941838443279266,1,True,False,False,False,False,15,False
5310110,27.44474,19.33902,0.8821803,26.22216,False,True,True,True,True,5,3.94704651832581,2.84737491607666,1.74769878387451,0.889097273349762,1,True,False,False,False,False,15,False
5310110,27.47586,19.37016,0.8822587,26.28175,False,True,True,True,True,5,3.60654830932617,2.58915066719055,1.57175767421722,0.834523260593414,1,True,False,False,False,False,15,False
5310110,27.52368,19.4225,0.8823615,26.36125,False,True,True,True,True,5,3.03378486633301,2.16382312774658,1.29386520385742,0.745320498943329,1,True,False,False,False,False,15,False
5310110,27.55447,19.45563,0.8820543,26.40195,False,True,True,True,True,5,2.67192721366882,1.90198183059692,1.13203680515289,0.691966474056244,1,True,False,False,False,False,15,False
5310110,27.58478,19.47706,0.8805816,26.42898,False,True,True,True,True,5,2.47216176986694,1.75826346874237,1.04436528682709,0.661022961139679,1,True,False,False,False,False,15,False
5310110,27.61419,19.48921,0.8809023,26.44555,False,True,True,True,True,5,2.38375163078308,1.69379913806915,1.00384342670441,0.645151853561401,1,True,False,False,False,False,15,False
5310110,27.6438,19.50094,0.8822871,26.45809,False,True,True,True,True,5,2.28154540061951,1.62130570411682,0.961066007614136,0.629684925079346,1,True,False,False,False,False,15,False
5310110,27.68013,19.52228,0.882852,26.47944,False,True,True,True,True,5,2.12894797325134,1.51218271255493,0.895417332649231,0.603872716426849,1,True,False,False,False,False,15,False
5310110,27.70978,19.5549,0.8813444,26.51615,False,True,True,True,True,5,2.03295755386353,1.43309247493744,0.833224475383759,0.568407654762268,1,True,False,False,False,False,15,False
5310110,27.73822,19.58182,0.8799468,26.54391,False,True,True,True,True,5,1.95014488697052,1.3662451505661,0.782348215579987,0.539578974246979,1,True,False,False,False,False,15,False
5310110,27.76639,19.60071,0.8818802,26.56948,False,True,True,True,True,5,1.9332138299942,1.34451103210449,0.755810976028442,0.519555389881134,1,True,False,False,False,False,15,False
5310110,27.79467,19.62364,0.882081,26.60063,False,True,True,True,True,5,1.92096149921417,1.3229660987854,0.7249675989151,0.49518883228302,1,True,False,False,False,False,15,False
5310110,27.82289,19.64881,0.880162,26.63742,False,True,True,True,True,5,1.92025852203369,1.30665290355682,0.693044126033783,0.46838915348053,1,True,False,False,False,False,15,False
5310110,27.85173,19.67604,0.8811057,26.67907,False,True,True,True,True,5,1.94244706630707,1.30213189125061,0.661819696426392,0.439356416463852,1,True,False,False,False,False,15,False
5310110,27.88127,19.69598,0.8826797,26.71215,False,True,True,True,True,5,1.95676946640015,1.29723882675171,0.637708067893982,0.418016672134399,1,True,False,False,False,False,15,False
5310110,27.91111,19.70981,0.8815489,26.73878,False,True,True,True,True,5,2.68503618240356,1.72616994380951,0.76730340719223,0.420465052127838,1,True,False,False,False,False,15,False
5310110,27.94018,19.72293,0.8818446,26.76333,False,True,True,True,True,5,4.07738828659058,2.57639575004578,1.07539713382721,0.454324841499329,1,True,False,False,False,False,15,False
5310110,27.96957,19.73692,0.8825213,26.79107,False,False,True,True,True,5,5,4.48411989212036,1.81767380237579,0.514561295509338,1,True,False,False,False,False,15,False
5310110,27.99957,19.75195,0.881038,26.81866,False,False,False,False,True,5,5,5,5,0.617124557495117,1,True,False,False,False,False,15,False
5310110,28.03587,19.7676,0.8803828,26.84921,False,False,False,False,True,5,5,5,5,0.802528142929077,1,True,False,False,False,False,15,False
5310110,28.06514,19.78086,0.8820911,26.87401,False,False,False,False,True,5,5,5,5,1.19385814666748,1,True,False,False,False,False,15,False
5310110,28.10259,19.79779,0.8824621,26.90581,False,False,False,False,True,5,5,5,5,1.77203261852264,1,True,False,False,False,False,15,False
5310110,28.13105,19.81063,0.8815391,26.92984,False,False,False,False,True,5,5,5,5,3.58752846717834,1,True,False,False,False,False,15,False
5310110,28.16068,19.80301,0.8827847,26.95471,False,False,False,False,False,5,5,5,5,5,1,True,False,False,False,False,15,False
5310110,28.18929,19.79481,0.8827088,26.98132,False,False,False,False,False,5,5,5,5,5,1,True,False,False,False,False,15,False
5310110,28.21799,19.7712,0.8822837,27.00841,False,False,False,False,False,5,5,5,5,5,1,True,False,False,False,False,15,False
5310110,28.24772,19.75297,0.8817548,27.03455,False,False,False,False,False,5,5,5,5,5,1,True,False,False,False,False,15,False
5310110,28.27791,19.74123,0.8825596,27.06102,False,False,False,False,False,5,5,5,5,5,1,True,False,False,False,False,15,False
5310110,28.30659,19.72769,0.8826948,27.08585,False,False,False,False,False,5,5,5,5,5,1,True,False,False,False,False,15,False
5310110,28.34145,19.71465,0.8806984,27.11816,False,False,False,False,False,5,5,5,5,5,1,True,False,False,False,False,15,False
5310110,28.37106,19.70768,0.8863715,27.14306,False,False,False,False,False,5,5,5,5,5,1,True,False,False,False,False,15,False
5310110,28.40247,19.69017,0.8859206,27.17575,False,False,False,False,False,5,5,5,5,5,1,True,False,False,False,False,15,False
5310110,28.4335,19.65707,0.8855128,27.22305,False,False,False,False,False,5,5,5,5,5,1,True,False,False,False,False,15,False
5310110,28.464,19.62693,0.8826017,27.27044,False,False,False,False,False,5,5,5,5,5,1,True,False,False,False,False,15,False
5310110,28.49411,19.59444,0.8828206,27.32145,False,False,False,False,False,5,5,5,5,5,1,True,False,False,False,False,15,False
5310110,28.52659,19.55743,0.8811883,27.38137,False,False,False,False,False,5,5,5,5,5,1,True,False,False,False,False,15,False
5310110,28.55724,19.52491,0.880313,27.4346,False,False,False,False,False,5,5,5,5,5,1,True,False,False,False,False,15,False
5310110,28.58754,19.49932,0.8817271,27.4751,False,False,False,False,False,5,5,5,5,5,1,True,False,False,False,False,15,False
5310110,28.61855,19.48148,0.8826521,27.50848,False,False,False,False,False,5,5,5,5,5,1,True,False,False,False,False,15,False
5310110,28.64838,19.47036,0.8811779,27.53931,False,False,False,False,False,5,5,5,5,5,1,True,False,False,False,False,15,False
5310110,28.67885,19.45494,0.8798136,27.579,False,False,False,False,False,5,5,5,5,5,1,True,False,False,False,False,15,False
5310110,28.71019,19.44077,0.8814058,27.61163,False,False,False,False,False,5,5,5,5,5,1,True,False,False,False,False,15,False
5310110,28.75697,19.43044,0.880414,27.64632,False,False,False,False,False,5,5,5,5,5,1,True,False,False,False,False,15,False
5310110,28.78732,19.42432,0.8818384,27.66365,False,False,False,False,False,5,5,5,5,5,1,True,False,False,False,False,15,False
5310110,28.81783,19.42117,0.8824942,27.66967,False,False,False,False,False,5,5,5,5,5,1,True,False,False,False,False,15,False
5310110,28.85438,19.41075,0.8817878,27.69619,False,False,False,False,False,5,5,5,5,5,1,True,False,False,False,False,15,False
5310110,28.88464,19.40049,0.8822281,27.72913,False,False,False,False,False,5,5,5,5,5,1,True,False,False,False,False,15,False
5310110,28.91359,19.39527,0.8819044,27.75775,False,False,False,False,True,5,5,5,5,4.33102655410767,1,True,False,False,False,False,15,False
5310110,28.94584,19.38242,0.8804455,27.8053,False,False,False,False,True,5,5,5,5,3.82884287834167,1,True,False,False,False,False,15,False
5310110,28.97777,19.36411,0.8800517,27.86447,False,False,False,False,True,5,5,5,5,3.8075225353241,1,True,False,False,False,False,15,False
5310110,29.00828,19.34388,0.8816667,27.91174,False,False,False,False,True,5,5,5,5,4.20375156402588,1,True,False,False,False,False,15,False
5310110,29.03831,19.32193,0.8826568,27.9537,False,False,False,False,False,5,5,5,5,5,1,True,False,False,False,False,15,False
5310110,29.06749,19.29608,0.8810634,28.01347,False,False,False,False,False,5,5,5,5,5,1,True,False,False,False,False,15,False
5310110,29.09717,19.26272,0.8801794,28.09661,False,False,False,False,False,5,5,5,5,5,1,True,False,False,False,False,15,False
5310110,29.12716,19.2198,0.8818132,28.20483,False,False,False,False,False,5,5,5,5,5,1,True,False,False,False,False,15,False
5310110,29.15714,19.16862,0.8826352,28.3337,False,False,False,False,False,5,5,5,5,5,1,True,False,False,False,False,15,False
5310110,29.18696,19.10886,0.880494,28.48298,False,False,False,False,False,5,5,5,5,5,1,True,False,False,False,False,15,False
5310110,29.21693,19.04522,0.8799115,28.64273,False,False,False,False,False,5,5,5,5,5,1,True,False,False,False,False,15,False
5310110,29.24622,18.97367,0.8820349,28.79018,False,False,False,False,False,5,5,5,5,5,1,True,False,False,False,False,15,False
5310110,29.27624,18.89652,0.8825464,28.94484,False,False,False,False,False,5,5,5,5,5,1,True,False,False,False,False,15,False
5310110,29.30562,18.83648,0.8804566,29.10592,False,False,False,False,False,5,5,5,5,5,1,True,False,False,False,False,15,False
5310110,29.3356,18.77641,0.880226,29.2753,False,False,False,False,False,5,5,5,5,5,1,True,False,False,False,False,15,False
5310110,29.36496,18.72089,0.8823551,29.44608,False,False,False,False,False,5,5,5,5,5,1,True,False,False,False,False,15,False
5310110,29.39405,18.67468,0.8821526,29.61406,False,False,False,False,False,5,5,5,5,5,1,True,False,False,False,False,15,False
5310110,29.42598,18.61393,0.880589,29.80753,False,False,False,False,False,5,5,5,5,5,1,True,False,False,False,False,15,False
5310110,29.45802,18.5368,0.8798803,30.00807,False,False,False,False,False,5,5,5,5,5,1,True,False,False,False,False,15,False
5310110,29.48899,18.46632,0.8816237,30.19763,False,False,False,False,False,5,5,5,5,5,1,True,False,False,False,False,15,False
5310110,29.52125,18.38873,0.883086,30.38824,False,False,False,False,False,5,5,5,5,5,1,True,False,False,False,False,15,False
5310110,29.5551,18.29542,0.8823561,30.57741,False,False,False,False,False,5,5,5,5,5,1,True,False,False,False,False,15,False
5310110,29.58609,18.21107,0.8806001,30.76354,False,False,False,False,False,5,5,5,5,5,1,True,False,False,False,False,15,False
5310110,29.61776,18.12209,0.8799818,30.97293,False,False,False,False,False,5,5,5,5,5,1,True,False,False,False,False,15,False
5310110,29.6528,18.00458,0.8809714,31.19742,False,False,False,False,False,5,5,5,5,5,1,True,False,False,False,False,15,False
5310110,29.68502,17.90153,0.882435,31.40002,False,False,False,False,False,5,5,5,5,5,1,True,False,False,False,False,15,False
5310110,29.71869,17.81163,0.8831372,31.61344,False,False,False,False,False,5,5,5,5,5,1,True,False,False,False,False,15,False
5310110,29.75141,17.71723,0.8817821,31.83346,False,False,False,False,False,5,5,5,5,5,1,True,False,False,False,False,15,False
5310110,29.78825,17.60534,0.8812202,32.08447,False,False,False,False,False,5,5,5,5,5,1,True,False,False,False,False,15,False
5310110,29.83035,17.48028,0.881603,32.36273,False,False,False,False,False,5,5,5,5,5,1,True,False,False,False,False,15,False
5310110,29.86524,17.37928,0.8805995,32.58665,False,False,False,False,False,5,5,5,5,5,1,True,False,False,False,False,15,False
5310110,29.90145,17.28745,0.8798441,32.81743,False,False,False,False,False,5,5,5,5,5,1,True,False,False,False,False,15,False
5310110,29.93753,17.20512,0.8800234,33.05324,False,False,False,False,False,5,5,5,5,5,1,True,False,False,False,False,15,False
5310110,29.96823,17.1113,0.8818134,33.24635,False,False,False,False,False,5,5,5,5,5,1,True,False,False,False,False,15,False
5310110,29.99905,17.00896,0.883184,33.43181,False,False,False,False,False,5,5,5,5,5,1,True,False,False,False,False,15,False
5310110,30.02998,16.91835,0.8814318,33.61706,False,False,False,False,False,5,5,5,5,5,1,True,False,False,False,False,15,False
5310110,30.0606,16.82564,0.8796154,33.79409,False,False,False,False,False,5,5,5,5,5,1,True,False,False,False,False,15,False
5310110,30.09126,16.72353,0.8811315,33.9613,False,False,False,False,False,5,5,5,5,5,1,True,False,False,False,False,15,False
5310110,30.13374,16.6073,0.8806507,34.19693,False,False,False,False,False,5,5,5,5,5,1,True,False,False,False,False,15,False
5310110,30.16373,16.51948,0.8825643,34.35351,False,False,False,False,False,5,5,5,5,5,1,True,False,False,False,False,15,False
5310110,30.19944,16.39719,0.8831629,34.52285,False,False,False,False,False,5,5,5,5,5,1,True,False,False,False,False,15,False
5310110,30.23204,16.29196,0.8816882,34.67404,True,False,False,False,False,4.8470778465271,5,5,5,5,1,True,False,False,False,False,15,False
5310110,30.26205,16.19823,0.8797063,34.80961,True,False,False,False,False,4.71401357650757,5,5,5,5,1,True,False,False,False,False,15,False
5310110,30.29259,16.10148,0.8807309,34.94047,True,False,False,False,False,4.59768486022949,5,5,5,5,1,True,False,False,False,False,15,False
5310110,30.32255,15.99888,0.8827758,35.07562,True,False,False,False,False,4.47951316833496,5,5,5,5,1,True,False,False,False,False,15,False
5310110,30.3541,15.88104,0.8821654,35.23838,True,False,False,False,False,4.35020685195923,5,5,5,5,1,True,False,False,False,False,15,False
5310110,30.38637,15.7473,0.8807057,35.40037,True,False,False,False,False,4.18068313598633,5,5,5,5,1,True,False,False,False,False,15,False
5310110,30.41643,15.61658,0.8801377,35.54077,True,False,False,False,False,3.99100351333618,5,5,5,5,1,True,False,False,False,False,15,False
5310110,30.44767,15.50017,0.8818318,35.69539,True,False,False,False,False,3.83473539352417,5,5,5,5,1,True,False,False,False,False,15,False
5310110,30.47936,15.38128,0.8832273,35.85835,True,False,False,False,False,3.70200777053833,5,5,5,5,1,True,False,False,False,False,15,False
5310110,30.5104,15.25727,0.881489,36.01258,True,False,False,False,False,3.57190108299255,5,5,5,5,1,True,False,False,False,False,15,False
5310110,30.54175,15.13354,0.8797834,36.16341,True,False,False,False,False,3.44228434562683,5,5,5,5,1,True,False,False,False,False,15,False
5310110,30.57476,15.00176,0.8804268,36.32345,True,False,False,False,False,3.30435514450073,5,5,5,5,1,True,False,False,False,False,15,False
5310110,30.60614,14.88466,0.8821601,36.48762,True,False,False,False,False,3.19690632820129,5,5,5,5,1,True,False,False,False,False,15,False
5310110,30.64754,14.72587,0.881855,36.69067,True,False,False,False,False,3.05149602890015,5,5,5,5,1,True,False,False,False,False,15,False
5310110,30.68112,14.60087,0.8830948,36.85009,True,True,False,False,False,2.92910575866699,4.98505115509033,5,5,5,1,True,False,False,False,False,15,False
5310110,30.71218,14.49762,0.8817968,37.00816,True,False,False,False,False,2.8477931022644,5,5,5,5,1,True,False,False,False,False,15,False
5310110,30.7478,14.36929,0.8809559,37.18917,True,True,False,False,False,2.72048926353455,4.8481879234314,5,5,5,1,True,False,False,False,False,15,False
5310110,30.7814,14.24238,0.8796794,37.3482,True,True,False,False,False,2.57764673233032,4.53476619720459,5,5,5,1,True,False,False,False,False,15,False
5310110,30.81343,14.12233,0.8806366,37.49365,True,True,False,False,False,2.43111896514893,4.14852380752563,5,5,5,1,True,False,False,False,False,15,False
5310110,30.84464,14.00646,0.8823531,37.62971,True,True,True,False,False,2.28908348083496,3.78248381614685,4.74846076965332,5,5,1,True,False,False,False,False,15,False
5310110,30.87621,13.8858,0.8825103,37.75793,True,True,True,False,False,2.1404926776886,3.40892028808594,4.26703405380249,5,5,1,True,False,False,False,False,15,False
5310110,30.9073,13.76379,0.8807164,37.87432,True,True,True,True,False,1.99168467521667,3.03757095336914,3.79953026771545,4.65799140930176,5,1,True,False,False,False,False,15,False
5310110,30.93781,13.64474,0.8796562,37.98296,True,True,True,True,False,1.85219383239746,2.70536160469055,3.38096404075623,4.13120651245117,5,1,True,False,False,False,False,15,False
5310110,30.9698,13.51091,0.88133,38.11184,True,True,True,True,False,1.71246147155762,2.45664167404175,3.09526944160461,3.79593133926392,5,1,True,False,False,False,False,15,False
5310110,31.00058,13.37585,0.8831944,38.24123,True,True,True,True,False,1.57904458045959,2.26175403594971,2.89455628395081,3.58831119537354,5,1,True,False,False,False,False,15,False
5310110,31.03129,13.24763,0.8815928,38.36909,True,True,True,True,False,1.4548853635788,2.09671568870544,2.73734569549561,3.44035935401917,5,1,True,False,False,False,False,15,False
5310110,31.06181,13.11917,0.879714,38.48867,True,True,True,True,False,1.32920360565186,1.92455172538757,2.56940412521362,3.27744293212891,5,1,True,False,False,False,False,15,False
5310110,31.09281,12.98557,0.8807154,38.59947,True,True,True,True,False,1.19570755958557,1.72411239147186,2.35652351379395,3.04984378814697,5,1,True,False,False,False,False,15,False
5310110,31.12535,12.863,0.8822008,38.72682,True,True,True,True,False,1.0780473947525,1.57745516300201,2.22993731498718,2.94708251953125,5,1,True,False,False,False,False,15,False
5310110,31.15676,12.74562,0.8826473,38.85721,True,True,True,True,False,0.96982330083847,1.4446142911911,2.1278989315033,2.88831353187561,5,1,True,False,False,False,False,15,False
5310110,31.18629,12.63808,0.8805715,38.98669,True,True,True,True,False,0.874663174152374,1.33694744110107,2.06749868392944,2.88733625411987,5,1,True,False,False,False,False,15,False
5310110,31.21746,12.52937,0.8798315,39.12154,True,True,True,True,False,0.778964757919312,1.23274433612823,2.02544593811035,2.92335438728333,5,1,True,False,False,False,False,15,False
5310110,31.24676,12.41382,0.8819724,39.25502,True,True,True,True,False,0.670275330543518,1.07504892349243,1.88916075229645,2.81436228752136,5,1,True,False,False,False,False,15,False
5310110,31.27862,12.28104,0.8830648,39.40688,True,True,True,True,False,0.542685508728027,0.873611390590668,1.6880601644516,2.61369156837463,5,1,True,False,False,False,False,15,False
5310110,31.31019,12.1531,0.8814117,39.55281,True,True,True,True,False,0.419598549604416,0.679118096828461,1.49370002746582,2.41950845718384,5,1,True,False,False,False,False,15,False
5310110,31.34915,12.01881,0.8820028,39.72495,True,True,True,True,False,0.293300986289978,0.492804557085037,1.35069692134857,2.33235454559326,5,1,True,False,False,False,False,15,False
5310110,31.38265,11.99796,0.8840563,39.83323,True,True,True,True,False,0.298475921154022,0.563849568367004,1.68578171730042,3.11381435394287,5,1,True,False,False,False,False,15,False
5310110,31.41549,11.98112,0.8860001,39.91074,True,True,False,False,False,0.346624672412872,1.00141370296478,5,5,5,1,True,False,False,False,False,15,False
5310110,31.45277,11.95954,0.8834648,39.99586,True,False,False,False,False,0.484514951705933,5,5,5,5,1,True,False,False,False,False,15,False
5310110,31.48597,11.93865,0.8823685,40.07138,True,False,False,False,False,0.857019662857056,5,5,5,5,1,True,False,False,False,False,15,False
5310110,31.52102,11.92097,0.8810085,40.15034,True,False,False,False,False,2.10176944732666,5,5,5,5,1,True,False,False,False,False,15,False
5310110,31.55373,11.92082,0.8826315,40.22484,False,False,False,False,False,5,5,5,5,5,1,True,False,False,False,False,15,False
5310110,31.58479,11.9451,0.8832633,40.29922,False,False,False,False,False,5,5,5,5,5,1,True,False,False,False,False,15,False
5310110,31.61774,11.96053,0.882993,40.37686,False,False,False,False,False,5,5,5,5,5,1,True,False,False,False,False,15,False
5310110,31.64942,11.97964,0.8822696,40.45197,False,False,False,False,False,5,5,5,5,5,1,True,False,False,False,False,15,False
5310110,31.68198,11.99321,0.8818783,40.52907,False,False,False,False,False,5,5,5,5,5,1,True,False,False,False,False,15,False
5310110,31.71513,12.00601,0.8823433,40.60405,False,False,False,False,False,5,5,5,5,5,1,True,False,False,False,False,15,False
5310110,31.74772,12.02309,0.8825807,40.67976,False,False,False,False,False,5,5,5,5,5,1,True,False,False,False,False,15,False
5310110,31.77961,12.03522,0.8829681,40.7537,False,False,False,False,False,5,5,5,5,5,1,True,False,False,False,False,15,False
5310110,31.81286,12.05021,0.8830814,40.83103,False,False,False,False,False,5,5,5,5,5,1,True,False,False,False,False,15,False
5310110,31.84686,12.06243,0.8810858,40.90918,False,False,False,False,False,5,5,5,5,5,1,True,False,False,False,False,15,False
5310110,31.88504,12.07656,0.881963,40.99446,False,False,False,False,False,5,5,5,5,5,1,True,False,False,False,False,15,False
5310110,31.91829,12.10048,0.8798509,41.05659,False,False,False,False,False,5,5,5,5,5,1,True,False,False,False,False,15,False
5310110,31.95882,12.13405,0.8800308,41.09322,False,False,False,False,False,5,5,5,5,5,1,True,False,False,False,False,15,False
5310110,31.99089,12.15334,0.8812767,41.11436,False,False,False,False,False,5,5,5,5,5,1,True,False,False,False,False,15,False
5310110,32.02371,12.16909,0.8822744,41.13435,False,False,False,False,False,5,5,5,5,5,1,True,False,False,False,False,15,False
5310110,32.05684,12.17774,0.8823277,41.14799,False,False,False,False,False,5,5,5,5,5,1,True,False,False,False,False,15,False
5310110,32.09385,12.17911,0.8824087,41.15546,False,False,False,False,False,5,5,5,5,5,1,True,False,False,False,False,15,False
5310110,32.12805,12.17145,0.8817834,41.15177,False,False,False,False,False,5,5,5,5,5,1,False,False,False,False,False,15,False
5310110,32.16065,12.15951,0.8799881,41.14258,False,False,False,False,False,5,5,5,5,5,1,False,False,False,False,False,15,False
5310110,32.19353,12.15052,0.8823443,41.13664,False,False,False,False,False,5,5,5,5,5,1,False,False,False,False,False,15,False
5310110,32.22546,12.15006,0.8826112,41.14331,False,False,False,False,False,5,5,5,5,5,1,True,False,False,False,False,15,False
5310110,32.25748,12.16104,0.882664,41.16264,False,False,False,False,False,5,5,5,5,5,1,True,False,False,False,False,15,False
5310110,32.29103,12.16249,0.8825294,41.16426,False,False,False,False,False,5,5,5,5,5,1,True,False,False,False,False,15,False
5310110,32.32269,12.15563,0.8827444,41.15354,False,False,False,False,False,5,5,5,5,5,1,False,False,False,False,False,15,False
5310110,32.35505,12.14532,0.8827354,41.13699,False,False,False,False,False,5,5,5,5,5,1,False,False,False,False,False,15,False
5310110,32.38807,12.13972,0.8827556,41.12554,False,False,False,False,False,5,5,5,5,5,1,False,False,False,False,False,15,False
5310110,32.42051,12.1371,0.8812768,41.11707,False,False,False,False,False,5,5,5,5,5,1,False,False,False,False,False,15,False
5310110,32.45282,12.1342,0.8818163,41.11193,False,False,False,False,False,5,5,5,5,5,1,False,False,False,False,False,15,False
5310110,32.48891,12.12997,0.8827527,41.10494,False,False,False,False,False,5,5,5,5,5,1,False,False,False,False,False,15,False
5310110,32.52088,12.12737,0.8827846,41.10135,False,False,False,False,False,5,5,5,5,5,1,False,False,False,False,False,15,False
5310110,32.55317,12.13191,0.8802558,41.10747,False,False,False,False,False,5,5,5,5,5,1,True,False,False,False,False,15,False
5310110,32.5853,12.13972,0.8820907,41.11816,False,False,False,False,False,5,5,5,5,5,1,True,False,False,False,False,15,False
5310110,32.62614,12.17538,0.8819673,41.16623,False,False,False,False,False,5,5,5,5,5,1,True,False,False,False,False,15,False
5310110,32.65819,12.21312,0.8826494,41.21728,False,False,False,False,False,5,5,5,5,5,1,True,False,False,False,False,15,False
5310110,32.69064,12.24169,0.8814145,41.26556,False,False,False,False,False,5,5,5,5,5,1,True,False,False,False,False,15,False
5310110,32.72128,12.27539,0.8800716,41.32013,False,False,False,False,False,5,5,5,5,5,1,True,False,False,False,False,15,False
5310110,32.75859,12.33723,0.8799661,41.40324,False,False,False,False,False,5,5,5,5,5,1,True,False,False,False,False,15,False
5310110,32.79133,12.38234,0.8811266,41.47604,False,False,False,False,False,5,5,5,5,5,1,True,False,False,False,False,15,False
5310110,32.82604,12.42339,0.8820162,41.54253,False,False,False,False,False,5,5,5,5,5,1,True,False,False,False,False,15,False
5310110,32.85949,12.46491,0.882903,41.60417,False,False,False,False,False,5,5,5,5,5,1,True,False,False,False,False,15,False
5310110,32.89266,12.51528,0.8818141,41.66378,False,False,False,False,False,5,5,5,5,5,1,True,False,False,False,False,15,False
5310110,32.92442,12.56474,0.8803455,41.71467,False,False,False,False,False,5,5,5,5,5,1,True,False,False,False,False,15,False
5310110,32.96228,12.61637,0.8800704,41.76518,False,False,False,False,False,5,5,5,5,5,1,True,False,False,False,False,15,False
5310110,32.99364,12.64329,0.880923,41.79376,False,False,False,False,False,5,5,5,5,5,1,True,False,False,False,False,15,False
5310110,33.02724,12.65759,0.881795,41.80974,False,False,False,False,False,5,5,5,5,5,1,True,False,False,False,False,15,False
5310110,33.06098,12.65954,0.8827822,41.81199,False,False,False,False,False,5,5,5,5,5,1,True,False,False,False,False,15,False
5310110,33.09471,12.65574,0.8827732,41.80725,False,False,False,False,False,5,5,5,5,5,1,False,False,False,False,False,15,False
5310110,33.12578,12.65532,0.8822974,41.80484,False,False,False,False,False,5,5,5,5,5,1,False,False,False,False,False,15,False
5310110,33.15905,12.65793,0.8794077,41.80245,False,False,False,False,False,5,5,5,5,5,1,False,False,False,False,False,15,False
5310110,33.19915,12.6572,0.8821784,41.80304,False,False,False,False,False,5,5,5,5,5,1,True,False,False,False,False,15,False
5310110,33.23309,12.65585,0.8827676,41.80047,False,False,False,False,False,5,5,5,5,5,1,False,False,False,False,False,15,False
5310110,33.26815,12.65195,0.8824611,41.79745,False,False,False,False,False,5,5,5,5,5,1,False,False,False,False,False,15,False
5310110,33.30145,12.65088,0.8827062,41.79759,False,False,False,False,False,5,5,5,5,5,1,True,False,False,False,False,15,False
5310110,33.33464,12.65217,0.8818122,41.79879,False,False,False,False,False,5,5,5,5,5,1,True,False,False,False,False,15,False
5310110,33.36969,12.65263,0.8825014,41.79845,False,False,False,False,False,5,5,5,5,5,1,False,False,False,False,False,15,False
5310110,33.40412,12.65032,0.8800828,41.79797,False,False,False,False,False,5,5,5,5,5,1,False,False,False,False,False,15,False
5310110,33.43785,12.64687,0.8822606,41.7951,False,False,False,False,False,5,5,5,5,5,1,False,False,False,False,False,15,False
5310110,33.4712,12.64521,0.8821943,41.79593,False,False,False,False,False,5,5,5,5,5,1,True,False,False,False,False,15,False
5310110,33.50516,12.64499,0.882416,41.79542,False,False,False,False,False,5,5,5,5,5,1,False,False,False,False,False,15,False
5310110,33.53975,12.64882,0.8827695,41.79781,False,False,False,False,False,5,5,5,5,5,1,True,False,False,False,False,15,False
5310110,33.57108,12.64522,0.8814013,41.79398,False,False,False,False,False,5,5,5,5,5,1,False,False,False,False,False,15,False
5310110,33.60541,12.63391,0.8827375,41.78194,False,False,False,False,False,5,5,5,5,5,1,False,False,False,False,False,15,False
5310110,33.63733,12.61967,0.8827311,41.76664,False,False,False,False,False,5,5,5,5,5,1,False,False,False,False,False,15,False
5310110,33.66934,12.60805,0.8827415,41.75476,False,False,False,False,False,5,5,5,5,5,1,False,False,False,False,False,15,False
5310110,33.70107,12.60472,0.8827257,41.75171,False,False,False,False,False,5,5,5,5,5,1,False,False,False,False,False,15,False
5310110,33.73327,12.61892,0.8819797,41.76701,False,False,False,False,False,5,5,5,5,5,1,True,False,False,False,False,15,False
5310110,33.76568,12.64089,0.8819186,41.78628,False,False,False,False,False,5,5,5,5,5,1,True,False,False,False,False,15,False
5310110,33.79638,12.65918,0.8819104,41.80188,False,False,False,False,False,5,5,5,5,5,1,True,False,False,False,False,15,False
5310110,33.82909,12.6662,0.8819463,41.80936,False,False,False,False,False,5,5,5,5,5,1,True,False,False,False,False,15,False
5310110,33.86587,12.66639,0.8822315,41.80969,False,False,False,False,False,5,5,5,5,5,1,True,False,False,False,False,15,False
5310110,33.89857,12.67106,0.8798338,41.8146,False,False,False,False,False,5,5,5,5,5,1,True,False,False,False,False,15,False
5310110,33.93132,12.67732,0.8819307,41.81786,False,False,False,False,False,5,5,5,5,5,1,True,False,False,False,False,15,False
5310110,33.9633,12.67508,0.8827706,41.81236,False,False,False,False,False,5,5,5,5,5,1,False,False,False,False,False,15,False
5310110,33.99532,12.66613,0.8827538,41.80358,False,False,False,False,False,5,5,5,5,5,1,False,False,False,False,False,15,False
5310110,34.02818,12.65253,0.8827327,41.79069,False,False,False,False,False,5,5,5,5,5,1,False,False,False,False,False,15,False
5310110,34.05984,12.63621,0.8827314,41.77586,False,False,False,False,False,5,5,5,5,5,1,False,False,False,False,False,15,False
5310110,34.09304,12.62307,0.8827411,41.7631,False,False,False,False,False,5,5,5,5,5,1,False,False,False,False,False,15,False
5310110,34.12487,12.61342,0.8827536,41.75436,False,False,False,False,False,5,5,5,5,5,1,False,False,False,False,False,15,False
5310110,34.15884,12.60987,0.8827704,41.74894,False,False,False,False,False,5,5,5,5,5,1,False,False,False,False,False,15,False
5310110,34.19145,12.59989,0.8824836,41.73986,False,False,False,False,False,5,5,5,5,5,1,False,False,False,False,False,15,False
5310110,34.23158,12.58724,0.8825203,41.7276,False,False,False,False,False,5,5,5,5,5,1,False,False,False,False,False,15,False
5310110,34.27287,12.5813,0.882181,41.72559,False,False,False,False,False,5,5,5,5,5,1,False,False,False,False,False,15,False
5310110,34.30908,12.59377,0.8821325,41.73573,False,False,False,False,False,5,5,5,5,5,1,True,False,False,False,False,15,False
5310110,34.3441,12.61152,0.8805183,41.75212,False,False,False,False,False,5,5,5,5,5,1,True,False,False,False,False,15,False
5310110,34.37882,12.61619,0.8803919,41.75542,False,False,False,False,False,5,5,5,5,5,1,True,False,False,False,False,15,False
5310110,34.41184,12.61842,0.8822984,41.75443,False,False,False,False,False,5,5,5,5,5,1,False,False,False,False,False,15,False
5310110,34.44675,12.6139,0.8822868,41.74692,False,False,False,False,False,5,5,5,5,5,1,False,False,False,False,False,15,False
5310110,34.47976,12.6032,0.8828194,41.73765,False,False,False,False,False,5,5,5,5,5,1,False,False,False,False,False,15,False
5310110,34.52201,12.58017,0.8827004,41.71925,False,False,False,False,False,5,5,5,5,5,1,False,False,False,False,False,15,False
5310110,34.56577,12.55716,0.8827487,41.70114,False,False,False,False,False,5,5,5,5,5,1,False,False,False,False,False,15,False
5310110,34.59996,12.55713,0.882783,41.70109,False,False,False,False,False,5,5,5,5,5,1,False,False,False,False,False,15,False
5310110,34.63526,12.55676,0.8828256,41.70156,False,False,False,False,False,5,5,5,5,5,1,True,False,False,False,False,15,False
5310110,34.67115,12.55598,0.8813617,41.69893,False,False,False,False,False,5,5,5,5,5,1,False,False,False,False,False,15,False
5310110,34.70573,12.55713,0.8822206,41.69693,False,False,False,False,False,5,5,5,5,5,1,False,False,False,False,False,15,False
5310110,34.74292,12.55569,0.8796824,41.69029,False,False,False,False,False,5,5,5,5,5,1,False,False,False,False,False,15,False
5310110,34.77729,12.54994,0.8827591,41.68406,False,False,False,False,False,5,5,5,5,5,1,False,False,False,False,False,15,False
5310110,34.81129,12.56203,0.8820331,41.69075,False,False,False,False,False,5,5,5,5,5,1,True,False,False,False,False,15,False
5310110,34.84589,12.58196,0.8820754,41.70584,False,False,False,False,False,5,5,5,5,5,1,True,False,False,False,False,15,False
5310110,34.88669,12.6195,0.8819761,41.73357,False,False,False,False,False,5,5,5,5,5,1,True,False,False,False,False,15,False
5310110,34.92096,12.68257,0.8820672,41.77506,False,False,False,False,False,5,5,5,5,5,1,True,False,False,False,False,15,False
5310110,34.95587,12.76638,0.8821754,41.83005,False,False,False,False,False,5,5,5,5,5,1,True,False,False,False,False,15,False
5310110,34.98907,12.84285,0.8821224,41.87148,False,False,False,False,False,5,5,5,5,5,1,True,False,False,False,False,15,False
5310110,35.02479,12.91434,0.882075,41.90941,False,False,False,False,False,5,5,5,5,5,1,True,False,False,False,False,15,False
5310110,35.05942,12.96674,0.8820318,41.94422,False,False,False,False,False,5,5,5,5,5,1,True,False,False,False,False,15,False
5310110,35.09438,13.01737,0.8820329,41.97098,False,False,False,False,False,5,5,5,5,5,1,True,False,False,False,False,15,False
5310110,35.12831,13.0526,0.8819853,41.98991,False,False,False,False,False,5,5,5,5,5,1,True,False,False,False,False,15,False
5310110,35.16257,13.0763,0.8819255,42.00135,False,False,False,False,False,5,5,5,5,5,1,True,False,False,False,False,15,False
5310110,35.21038,13.10295,0.8819187,42.01434,False,False,False,False,False,5,5,5,5,5,1,True,False,False,False,False,15,False
5310110,35.24547,13.11654,0.8819563,42.02077,False,False,False,False,False,5,5,5,5,5,1,True,False,False,False,False,15,False
5310110,35.29305,13.12994,0.8824813,42.021,False,False,False,False,False,5,5,5,5,5,1,True,False,False,False,False,15,False
5310110,35.32892,13.13505,0.8823924,42.01749,False,False,False,False,False,5,5,5,5,5,1,False,False,False,False,False,15,False
5310110,35.37195,13.16243,0.8814036,42.01999,False,False,False,False,False,5,5,5,5,5,1,True,False,False,False,False,15,False
5310110,35.40703,13.19074,0.880958,42.0268,False,False,False,False,False,5,5,5,5,5,1,True,False,False,False,False,15,False
5310110,35.44207,13.20303,0.8803834,42.03092,False,False,False,False,False,5,5,5,5,5,1,True,False,False,False,False,15,False
5310110,35.47506,13.21696,0.8817542,42.03598,False,False,False,False,False,5,5,5,5,5,1,True,False,False,False,False,15,False
5310110,35.50913,13.23951,0.881492,42.04673,False,False,False,False,False,5,5,5,5,5,1,True,False,False,False,False,15,False
5310110,35.54481,13.25604,0.882488,42.05819,False,False,False,False,False,5,5,5,5,5,1,True,False,False,False,False,15,False
5310110,35.58001,13.26957,0.8828661,42.06858,False,False,False,False,False,5,5,5,5,5,1,True,False,False,False,False,15,False
5310110,35.61554,13.27924,0.882033,42.07369,False,False,False,False,False,5,5,5,5,5,1,True,False,False,False,False,15,False
5310110,35.651,13.27277,0.8814948,42.07062,False,False,False,False,False,5,5,5,5,5,1,False,False,False,False,False,15,False
5310110,35.68647,13.25425,0.8827292,42.06191,False,False,False,False,False,5,5,5,5,5,1,False,False,False,False,False,15,False
5310110,35.72114,13.2375,0.8827534,42.05418,False,False,False,False,False,5,5,5,5,5,1,False,False,False,False,False,15,False
5310110,35.75611,13.23757,0.8802512,42.05404,False,False,False,False,False,5,5,5,5,5,1,False,False,False,False,False,15,False
5310110,35.79156,13.23773,0.882392,42.05372,False,False,False,False,False,5,5,5,5,5,1,False,False,False,False,False,15,False
5310110,35.82652,13.25063,0.8818486,42.0603,False,False,False,False,False,5,5,5,5,5,1,True,False,False,False,False,15,False
5310110,35.86113,13.27413,0.8826689,42.0711,False,False,False,False,False,5,5,5,5,5,1,True,False,False,False,False,15,False
5310110,35.89613,13.27773,0.8822286,42.07277,False,False,False,False,False,5,5,5,5,5,1,True,False,False,False,False,15,False
5310110,35.93134,13.27748,0.8819616,42.07265,False,False,False,False,False,5,5,5,5,5,1,False,False,False,False,False,15,False
5310110,35.96572,13.27713,0.8819646,42.07255,False,False,False,False,False,5,5,5,5,5,1,False,False,False,False,False,15,False
5310110,36.00003,13.28844,0.8828155,42.07781,False,False,False,False,False,5,5,5,5,5,1,True,False,False,False,False,15,False
5310110,36.03506,13.32462,0.8820334,42.09639,False,False,False,False,False,5,5,5,5,5,1,True,False,False,False,False,15,False
5310110,36.07001,13.35728,0.8813984,42.11007,False,False,False,False,False,5,5,5,5,5,1,True,False,False,False,False,15,False
5310110,36.10535,13.37676,0.880758,42.11709,False,False,False,False,False,5,5,5,5,5,1,True,False,False,False,False,15,False
5310110,36.14071,13.37716,0.8810399,42.11834,False,False,False,False,False,5,5,5,5,5,1,True,False,False,False,False,15,False
5310110,36.1774,13.37781,0.8802373,42.11825,False,False,False,False,False,5,5,5,5,5,1,False,False,False,False,False,15,False
5310110,36.21334,13.36681,0.8827459,42.11264,False,False,False,False,False,5,5,5,5,5,1,False,False,False,False,False,15,False
5310110,36.24797,13.34455,0.8827189,42.10223,False,False,False,False,False,5,5,5,5,5,1,False,False,False,False,False,15,False
5310110,36.28183,13.31856,0.8827162,42.09054,False,False,False,False,False,5,5,5,5,5,1,False,False,False,False,False,15,False
5310110,36.31816,13.29595,0.8827283,42.07925,False,False,False,False,False,5,5,5,5,5,1,False,False,False,False,False,15,False
5310110,36.35286,13.27934,0.8827405,42.07026,False,False,False,False,False,5,5,5,5,5,1,False,False,False,False,False,15,False
5310110,36.39859,13.26719,0.882764,42.06166,False,False,False,False,False,5,5,5,5,5,1,False,False,False,False,False,15,False
5310110,36.43391,13.25117,0.8827372,42.05537,False,False,False,False,False,5,5,5,5,5,1,False,False,False,False,False,15,False
5310110,36.47546,13.23205,0.8827496,42.04923,False,False,False,False,False,5,5,5,5,5,1,False,False,False,False,False,15,False
5310110,36.519,13.2199,0.882765,42.04914,False,False,False,False,False,5,5,5,5,5,1,False,False,False,False,False,15,False
5310110,36.55924,13.23528,0.8828311,42.06056,False,False,False,False,False,5,5,5,5,5,1,True,False,False,False,False,15,False
5310110,36.59216,13.25557,0.8813437,42.06992,False,False,False,False,False,5,5,5,5,5,1,True,False,False,False,False,15,False
5310110,36.6268,13.27112,0.8810677,42.07983,False,False,False,False,False,5,5,5,5,5,1,True,False,False,False,False,15,False
5310110,36.66145,13.2788,0.8814781,42.08606,False,False,False,False,False,5,5,5,5,5,1,True,False,False,False,False,15,False
5310110,36.6968,13.27763,0.8802191,42.08612,False,False,False,False,False,5,5,5,5,5,1,True,False,False,False,False,15,False
5310110,36.73355,13.2841,0.8817128,42.09056,False,False,False,False,False,5,5,5,5,5,1,True,False,False,False,False,15,False
5310110,36.77736,13.33504,0.8801599,42.11929,False,False,False,False,False,5,5,5,5,5,1,True,False,False,False,False,15,False
5310110,36.81304,13.41306,0.8809024,42.16496,False,False,False,False,False,5,5,5,5,5,1,True,False,False,False,False,15,False
5310110,36.85564,13.50784,0.8805338,42.22023,False,False,False,False,False,5,5,5,5,5,1,True,False,False,False,False,15,False
5310110,36.89058,13.5783,0.88129,42.25333,False,False,False,False,False,5,5,5,5,5,1,True,False,False,False,False,15,False
5310110,36.93092,13.67757,0.8811779,42.30251,False,False,False,False,False,5,5,5,5,5,1,True,False,False,False,False,15,False
5310110,36.97227,13.78905,0.8810421,42.37364,False,False,False,False,False,5,5,5,5,5,1,True,False,False,False,False,15,False
5310110,37.01152,13.8833,0.8811569,42.44671,False,False,False,False,False,5,5,5,5,5,1,True,False,False,False,False,15,False
5310110,37.04737,13.9681,0.8818165,42.504,False,False,False,False,False,5,5,5,5,5,1,True,False,False,False,False,15,False
5310110,37.08294,14.05162,0.8825241,42.55146,False,False,False,False,False,5,5,5,5,5,1,True,False,False,False,False,15,False
5310110,37.1193,14.1272,0.8828608,42.59593,False,False,False,False,False,5,5,5,5,5,1,True,False,False,False,False,15,False
5310110,37.16144,14.20633,0.8827218,42.63857,False,False,False,False,False,5,5,5,5,5,1,True,False,False,False,False,15,False
5310110,37.19733,14.27894,0.8825634,42.67681,False,False,False,False,False,5,5,5,5,5,1,True,False,False,False,False,15,False
5310110,37.23249,14.34954,0.8817232,42.72705,False,False,False,False,False,5,5,5,5,5,1,True,False,False,False,False,15,False
5310110,37.26775,14.43643,0.8810802,42.78557,False,False,False,False,False,5,5,5,5,5,1,True,False,False,False,False,15,False
5310110,37.30283,14.53542,0.8800952,42.84792,False,False,False,False,False,5,5,5,5,5,1,True,False,False,False,False,15,False
5310110,37.33886,14.62327,0.8799118,42.90746,False,False,False,False,True,5,5,5,5,4.97507238388062,1,True,False,False,False,False,15,False
5310110,37.37355,14.70798,0.8807889,42.95377,False,False,False,False,True,5,5,5,5,4.88761138916016,1,True,False,False,False,False,15,False
5310110,37.40843,14.79221,0.881613,42.99165,False,False,False,True,True,5,5,5,4.88713645935059,4.83310699462891,1,True,False,False,False,False,15,False
5310110,37.44357,14.86617,0.8824067,43.0251,False,True,True,True,True,5,4.97964143753052,4.88813209533691,4.78580141067505,4.79710292816162,1,True,False,False,False,False,15,False
5310110,37.47734,14.93166,0.8825611,43.05917,False,True,True,True,True,5,4.8976583480835,4.80772352218628,4.70866870880127,4.73398971557617,1,True,False,False,False,False,15,False
5310110,37.51363,15.0031,0.8819605,43.10648,False,True,True,True,True,5,4.83804225921631,4.74350690841675,4.63455438613892,4.6242823600769,1,True,False,False,False,False,15,False
5310110,37.55607,15.07007,0.882344,43.14937,False,True,True,True,True,5,4.77754020690918,4.67969942092896,4.56378746032715,4.53019380569458,1,True,False,False,False,False,15,False
5310110,37.59381,15.11577,0.8819209,43.1828,False,True,True,True,True,5,4.75017309188843,4.64742755889893,4.52130460739136,4.45307874679565,1,True,False,False,False,False,15,False
5310110,37.6376,15.14966,0.8824759,43.20725,False,True,True,True,True,5,4.72948455810547,4.62222099304199,4.49006032943726,4.39860105514526,1,True,False,False,False,False,15,False
5310110,37.68124,15.15521,0.8826851,43.21105,False,True,True,True,True,5,4.72289371490479,4.61561727523804,4.48346900939941,4.39232158660889,1,True,False,False,False,False,15,False
5310110,37.7176,15.14954,0.8825787,43.20817,False,True,True,True,True,5,4.7398099899292,4.62906360626221,4.49505662918091,4.39105653762817,1,False,False,False,False,False,15,False
5310110,37.77904,15.12242,0.8827218,43.1909,False,True,True,True,True,5,4.77326011657715,4.66205787658691,4.52779006958008,4.42040872573853,1,False,False,False,False,False,15,False
5310110,37.81829,15.10167,0.8827345,43.17785,False,True,True,True,True,5,4.83557367324829,4.71247148513794,4.57183218002319,4.4196662902832,1,False,False,False,False,False,15,False
5310110,37.85296,15.07728,0.8827081,43.16183,False,True,True,True,True,5,4.88122987747192,4.75319671630859,4.60994958877563,4.43784618377686,1,False,False,False,False,False,15,False
5310110,37.89102,15.04985,0.882713,43.14242,False,True,True,True,True,5,4.94582891464233,4.80881929397583,4.66083192825317,4.45334005355835,1,False,False,False,False,False,15,False
5310110,37.92572,15.02816,0.8827243,43.12886,False,False,True,True,True,5,5,4.85617446899414,4.70405292510986,4.46467971801758,1,False,False,False,False,False,15,False
5310110,37.96178,15.00478,0.882712,43.11354,False,False,True,True,True,5,5,4.88440132141113,4.73236322402954,4.49079656600952,1,False,False,False,False,False,15,False
5310110,37.99821,14.97981,0.8827269,43.09584,False,False,True,True,True,5,5,4.91508102416992,4.76305627822876,4.51890325546265,1,False,False,False,False,False,15,False
5310110,38.03522,14.96543,0.8827481,43.0849,False,False,True,True,True,5,5,4.90118265151978,4.75528335571289,4.55473756790161,1,False,False,False,False,False,15,False
5310110,38.07076,14.94803,0.8827269,43.07207,False,False,True,True,True,5,5,4.90040397644043,4.75908899307251,4.5909571647644,1,False,False,False,False,False,15,False
5310110,38.12162,14.92011,0.8827342,43.05291,False,False,True,True,True,5,5,4.95913028717041,4.81267642974854,4.6040678024292,1,False,False,False,False,False,15,False
5310110,38.15894,14.91129,0.8827624,43.04888,False,False,False,True,True,5,5,5,4.86611652374268,4.58396625518799,1,False,False,False,False,False,15,False
5310110,38.1951,14.92761,0.8819461,43.06172,False,False,False,True,True,5,5,5,4.85616254806519,4.55975723266602,1,True,False,False,False,False,15,False
5310110,38.23299,14.94,0.8819628,43.07102,False,False,True,True,True,5,5,4.99868011474609,4.84058904647827,4.54550266265869,1,True,False,False,False,False,15,False
5310110,38.27978,14.94034,0.8827744,43.07124,False,False,True,True,True,5,5,4.99719381332397,4.83926677703857,4.5456109046936,1,True,False,False,False,False,15,False
5310110,38.31694,14.93995,0.882032,43.07098,False,False,True,True,True,5,5,4.99903059005737,4.84090328216553,4.54550409317017,1,False,False,False,False,False,15,False
5310110,38.35315,14.93992,0.8819392,43.07105,False,False,False,True,True,5,5,5,4.84189224243164,4.5447416305542,1,True,False,False,False,False,15,False
5310110,38.39161,14.95522,0.8819883,43.0827,False,False,True,True,True,5,5,4.98110437393188,4.82275342941284,4.52684211730957,1,True,False,False,False,False,15,False
5310110,38.43598,14.98367,0.8819389,43.10985,False,False,True,True,True,5,5,4.97850227355957,4.80895090103149,4.47444629669189,1,True,False,False,False,False,15,False
5310110,38.47294,14.99986,0.8819411,43.13181,False,False,False,True,True,5,5,5,4.84933137893677,4.41948223114014,1,True,False,False,False,False,15,False
5310110,38.51345,15.0099,0.8817203,43.15242,False,False,False,True,True,5,5,5,4.96794605255127,4.37407922744751,1,True,False,False,False,False,15,False
5310110,38.55094,15.01658,0.8811374,43.16677,False,False,False,False,True,5,5,5,5,4.36011028289795,1,True,False,False,False,False,15,False
5310110,38.60142,15.0228,0.8816276,43.17546,False,False,False,False,True,5,5,5,5,4.35649299621582,1,True,False,False,False,False,15,False
5310110,38.64571,15.01573,0.8815191,43.16838,False,False,False,False,True,5,5,5,5,4.36518812179565,1,False,False,False,False,False,15,False
5310110,38.6837,14.99817,0.8827142,43.14561,False,False,False,False,True,5,5,5,5,4.38824033737183,1,False,False,False,False,False,15,False
5310110,38.73249,14.96943,0.8827121,43.11143,False,False,False,False,True,5,5,5,5,4.42120027542114,1,False,False,False,False,False,15,False
5310110,38.77259,14.9517,0.8827256,43.08783,False,False,False,False,True,5,5,5,5,4.44261932373047,1,False,False,False,False,False,15,False
5310110,38.81119,14.939,0.8827443,43.0713,False,False,False,False,True,5,5,5,5,4.45828437805176,1,False,False,False,False,False,15,False
5310110,38.84803,14.93423,0.8827677,43.06304,False,False,False,False,True,5,5,5,5,4.46642875671387,1,False,False,False,False,False,15,False
5310110,38.88634,14.92647,0.8822716,43.05511,False,False,False,False,True,5,5,5,5,4.47651052474976,1,False,False,False,False,False,15,False
5310110,38.93568,14.9028,0.8827108,43.02827,False,False,False,False,True,5,5,5,5,4.50577163696289,1,False,False,False,False,False,15,False
5310110,38.9721,14.88175,0.8825712,43.0074,False,False,False,False,True,5,5,5,5,4.52992153167725,1,False,False,False,False,False,15,False
5310110,39.00895,14.86494,0.882443,42.98911,False,False,False,False,True,5,5,5,5,4.55335712432861,1,False,False,False,False,False,15,False
5310110,39.04973,14.85616,0.8821094,42.98418,False,False,False,False,True,5,5,5,5,4.57499933242798,1,False,False,False,False,False,15,False
5310110,39.0876,14.87407,0.8821594,43.0095,False,False,False,False,True,5,5,5,5,4.55265045166016,1,True,False,False,False,False,15,False
5310110,39.12406,14.91561,0.8821082,43.06517,False,False,False,False,True,5,5,5,5,4.49623155593872,1,True,False,False,False,False,15,False
5310110,39.16183,14.98252,0.882198,43.155,False,False,False,False,True,5,5,5,5,4.40549278259277,1,True,False,False,False,False,15,False
5310110,39.2016,15.07835,0.8822724,43.2837,False,False,False,False,True,5,5,5,5,4.27561044692993,1,True,False,False,False,False,15,False
5310110,39.23889,15.18889,0.8822886,43.42085,False,False,False,True,True,5,5,5,4.95513153076172,4.127845287323,1,True,False,False,False,False,15,False
5310110,39.27822,15.31944,0.8823493,43.58707,False,False,False,True,True,5,5,5,4.74038124084473,3.9536919593811,1,True,False,False,False,False,15,False
5310110,39.3158,15.43006,0.8823382,43.76229,False,False,True,True,True,5,5,4.8991527557373,4.59263610839844,3.79938864707947,1,True,False,False,False,False,15,False
5310110,39.35394,15.52721,0.882339,43.94212,False,False,True,True,True,5,5,4.85962009429932,4.53123950958252,3.66721320152283,1,True,False,False,False,False,15,False
5310110,39.39149,15.60884,0.8823495,44.11945,False,False,True,True,True,5,5,4.92354488372803,4.56597423553467,3.56452894210815,1,True,False,False,False,False,15,False
5310110,39.42879,15.67539,0.8823659,44.29507,False,False,False,True,True,5,5,5,4.63339233398438,3.48485040664673,1,True,False,False,False,False,15,False
5310110,39.4646,15.73439,0.8823951,44.45817,False,False,False,True,True,5,5,5,4.69590330123901,3.42137503623962,1,True,False,False,False,False,15,False
5310110,39.50264,15.80244,0.8823887,44.62073,False,False,False,True,True,5,5,5,4.66174697875977,3.3318235874176,1,True,False,False,False,False,15,False
5310110,39.54041,15.86197,0.8823786,44.77732,False,False,False,True,True,5,5,5,4.58169317245483,3.23473501205444,1,True,False,False,False,False,15,False
5310110,39.57595,15.90027,0.8823472,44.93419,False,False,False,True,True,5,5,5,4.57969999313354,3.16911196708679,1,True,False,False,False,False,15,False
5310110,39.61244,15.95264,0.8824228,45.12472,False,False,True,True,True,5,5,4.95252227783203,4.42982149124146,3.04988741874695,1,True,False,False,False,False,15,False
5310110,39.6501,16.02378,0.8824201,45.32637,False,False,True,True,True,5,5,4.64235210418701,4.13621711730957,2.87967729568481,1,True,False,False,False,False,15,False
5310110,39.68552,16.10178,0.8823466,45.50618,False,True,True,True,True,5,4.69463443756104,4.24383687973022,3.7772433757782,2.6954517364502,1,True,False,False,False,False,15,False
5310110,39.7219,16.18047,0.8822939,45.6843,False,True,True,True,True,5,4.27818202972412,3.85493206977844,3.4169750213623,2.51747679710388,1,True,False,False,False,False,15,False
5310110,39.75727,16.24368,0.8822889,45.85497,False,True,True,True,True,5,4.01447200775146,3.60893297195435,3.1827826499939,2.37930369377136,1,True,False,False,False,False,15,False
5310110,39.79288,16.31635,0.8823901,46.04397,False,True,True,True,True,5,3.81241822242737,3.40779042243958,2.98274707794189,2.23458480834961,1,True,False,False,False,False,15,False
5310110,39.8307,16.38622,0.8824227,46.25669,False,True,True,True,True,5,3.66342282295227,3.24499249458313,2.81191849708557,2.0893726348877,1,True,False,False,False,False,15,False
5310110,39.86673,16.45762,0.8824959,46.46942,False,True,True,True,True,5,3.5051383972168,3.07353806495667,2.63226413726807,1.94160830974579,1,True,False,False,False,False,15,False
5310110,39.90363,16.55433,0.8825752,46.6931,False,True,True,True,True,5,3.21476626396179,2.79262781143188,2.3572678565979,1.75559437274933,1,True,False,False,False,False,15,False
5310110,39.93874,16.64472,0.8825773,46.89964,False,True,True,True,True,5,2.91843628883362,2.51359462738037,2.09071016311646,1.5818852186203,1,True,False,False,False,False,15,False
5310110,39.97468,16.73743,0.8825738,47.13085,False,True,True,True,True,5,2.67037677764893,2.26598930358887,1.8437591791153,1.4014720916748,1,True,False,False,False,False,15,False
5310110,40.01025,16.83327,0.8825362,47.3627,True,True,True,True,True,4.60957813262939,2.41991639137268,2.01556515693665,1.5934385061264,1.211829662323,1,True,False,False,False,False,15,False
5310110,40.04662,16.94312,0.8824615,47.58712,True,True,True,True,True,4.04145574569702,2.12678384780884,1.73331761360168,1.31916892528534,1.01238524913788,1,True,False,False,False,False,15,False
5310110,40.08461,17.04781,0.8824159,47.81779,True,True,True,True,True,3.43505167961121,1.83118033409119,1.45257568359375,1.05121099948883,0.816875338554382,1,True,False,False,False,False,15,False
5310110,40.12282,17.14277,0.8824169,48.06006,True,True,True,True,True,2.98930764198303,1.58185017108917,1.20324563980103,0.803054630756378,0.624037265777588,1,True,False,False,False,False,15,False
5310110,40.16052,17.25755,0.8824474,48.31878,True,True,True,True,True,2.49015235900879,1.30074083805084,0.922176361083984,0.522250294685364,0.405842959880829,1,True,False,False,False,False,15,False
5310110,40.19742,17.23674,0.8906249,48.47611,True,True,True,True,True,2.67259979248047,1.32440960407257,0.901319682598114,0.466788798570633,0.34954708814621,1,True,False,False,False,False,15,False
5310110,40.233,17.18888,0.8960944,48.5611,False,True,True,True,True,5,2.0210657119751,1.33603942394257,0.572862207889557,0.347540527582169,1,True,False,False,False,False,15,False
5310110,40.27136,17.14787,0.8883863,48.65582,False,True,True,True,True,5,3.26271033287048,2.17769074440002,0.899510085582733,0.389414399862289,1,True,False,False,False,False,15,False
5310110,40.30798,17.11542,0.8819568,48.74061,False,False,True,True,True,5,5,4.32307529449463,2.23193717002869,0.511855006217957,1,True,False,False,False,False,15,False
5310110,40.34569,17.07825,0.8821343,48.82872,False,False,False,False,True,5,5,5,5,0.780254304409027,1,True,False,False,False,False,15,False
5310110,40.38465,17.0381,0.8822685,48.91907,False,False,False,False,True,5,5,5,5,1.30336785316467,1,True,False,False,False,False,15,False
5310110,40.42249,16.99899,0.8825604,49.00599,False,False,False,False,True,5,5,5,5,2.50778937339783,1,True,False,False,False,False,15,False
5310110,40.4584,16.93629,0.8827466,49.07627,False,False,False,False,True,5,5,5,5,4.18938159942627,1,True,False,False,False,False,15,False
5310110,40.49712,16.85611,0.8832033,49.1452,False,False,False,False,False,5,5,5,5,5,1,True,False,False,False,False,15,False
5310110,40.5345,16.78277,0.8828468,49.21362,False,False,False,False,False,5,5,5,5,5,1,True,False,False,False,False,15,False
5310110,40.57087,16.71325,0.8871455,49.27865,False,False,False,False,False,5,5,5,5,5,1,True,False,False,False,False,15,False
5310110,40.6091,16.64197,0.883401,49.35133,False,False,False,False,False,5,5,5,5,5,1,True,False,False,False,False,15,False
5310110,40.647,16.57022,0.8814147,49.42868,False,False,False,False,False,5,5,5,5,5,1,True,False,False,False,False,15,False
5310110,40.68517,16.50359,0.8833183,49.50163,False,False,False,False,False,5,5,5,5,5,1,True,False,False,False,False,15,False
5310110,40.73262,16.43676,0.8854239,49.55931,False,False,False,False,False,5,5,5,5,5,1,True,False,False,False,False,15,False
5310110,40.76971,16.40498,0.8819042,49.56911,False,False,False,False,False,5,5,5,5,5,1,True,False,False,False,False,15,False
5310110,40.80728,16.3666,0.8811561,49.57606,False,False,False,False,False,5,5,5,5,5,1,True,False,False,False,False,15,False
5310110,40.8434,16.31686,0.8803538,49.58539,False,False,False,False,False,5,5,5,5,5,1,True,False,False,False,False,15,False
5310110,40.88021,16.28471,0.8799968,49.58909,False,False,False,False,False,5,5,5,5,5,1,True,False,False,False,False,15,False
5310110,40.91984,16.25623,0.8798023,49.59067,False,False,False,False,False,5,5,5,5,5,1,True,False,False,False,False,15,False
5310110,40.95749,16.25255,0.8805656,49.59148,False,False,False,False,False,5,5,5,5,5,1,True,False,False,False,False,15,False
5310110,40.99403,16.26633,0.8827447,49.58968,False,False,False,False,False,5,5,5,5,5,1,False,False,False,False,False,15,False
5310110,41.03618,16.28316,0.8827536,49.58651,False,False,False,False,False,5,5,5,5,5,1,False,False,False,False,False,15,False
5310110,41.07246,16.28827,0.8827652,49.58457,False,False,False,False,False,5,5,5,5,5,1,False,False,False,False,False,15,False
5310110,41.11165,16.28819,0.8827748,49.58447,False,False,False,False,False,5,5,5,5,5,1,False,False,False,False,False,15,False
5310110,41.15514,16.25795,0.8820735,49.5879,False,False,False,False,False,5,5,5,5,5,1,True,False,False,False,False,15,False
5310110,41.19341,16.23033,0.8819525,49.59096,False,False,False,False,False,5,5,5,5,5,1,True,False,False,False,False,15,False
5310110,41.23133,16.22229,0.8824733,49.5945,False,False,False,False,False,5,5,5,5,5,1,True,False,False,False,False,15,False
5310110,41.26934,16.22008,0.8824203,49.59862,False,False,False,False,False,5,5,5,5,5,1,True,False,False,False,False,15,False
5310110,41.31121,16.20258,0.8812909,49.60832,False,False,False,False,False,5,5,5,5,5,1,True,False,False,False,False,15,False
5310110,41.34781,16.17233,0.8809834,49.62222,False,False,False,False,False,5,5,5,5,5,1,True,False,False,False,False,15,False
5310110,41.3877,16.1503,0.8823538,49.63401,False,False,False,False,False,5,5,5,5,5,1,True,False,False,False,False,15,False
5310110,41.42551,16.13715,0.8803442,49.64087,False,False,False,False,False,5,5,5,5,5,1,True,False,False,False,False,15,False
5310110,41.46408,16.13253,0.8805701,49.64483,False,False,False,False,False,5,5,5,5,5,1,True,False,False,False,False,15,False
5310110,41.50206,16.1329,0.8820794,49.64761,False,False,False,False,False,5,5,5,5,5,1,True,False,False,False,False,15,False
5310110,41.54632,16.13755,0.8804009,49.64787,False,False,False,False,False,5,5,5,5,5,1,True,False,False,False,False,15,False
5310110,41.58512,16.15346,0.882737,49.63966,False,False,False,False,False,5,5,5,5,5,1,False,False,False,False,False,15,False
5310110,41.62424,16.17593,0.8827329,49.62827,False,False,False,False,False,5,5,5,5,5,1,False,False,False,False,False,15,False
5310110,41.6616,16.1857,0.8827154,49.62286,False,False,False,False,False,5,5,5,5,5,1,False,False,False,False,False,15,False
5310110,41.70274,16.17899,0.8826858,49.62731,False,False,False,False,False,5,5,5,5,5,1,True,False,False,False,False,15,False
5310110,41.74672,16.17641,0.8822744,49.62974,False,False,False,False,False,5,5,5,5,5,1,True,False,False,False,False,15,False
5310110,41.78465,16.1794,0.8822618,49.63097,False,False,False,False,False,5,5,5,5,5,1,True,False,False,False,False,15,False
5310110,41.82331,16.1698,0.8820542,49.63524,False,False,False,False,False,5,5,5,5,5,1,True,False,False,False,False,15,False
5310110,41.86128,16.14563,0.8795953,49.64971,False,False,False,False,False,5,5,5,5,5,1,True,False,False,False,False,15,False
5310110,41.90549,16.14551,0.8804184,49.6495,False,False,False,False,False,5,5,5,5,5,1,False,False,False,False,False,15,False
5310110,41.94464,16.13477,0.8823323,49.65594,False,False,False,False,False,5,5,5,5,5,1,True,False,False,False,False,15,False
5310110,41.98404,16.10103,0.8824409,49.67099,False,False,False,False,False,5,5,5,5,5,1,True,False,False,False,False,15,False
5310110,42.02206,16.07188,0.8824347,49.67879,False,False,False,False,False,5,5,5,5,5,1,True,False,False,False,False,15,False
5310110,42.06135,16.04896,0.8825248,49.68305,False,False,False,False,False,5,5,5,5,5,1,True,False,False,False,False,15,False
5310110,42.09837,16.03677,0.8796265,49.68641,False,False,False,False,False,5,5,5,5,5,1,True,False,False,False,False,15,False
5310110,42.13653,16.03975,0.8827604,49.68582,False,False,False,False,False,5,5,5,5,5,1,False,False,False,False,False,15,False
5310110,42.1834,16.06187,0.8827303,49.67769,False,False,False,False,False,5,5,5,5,5,1,False,False,False,False,False,15,False
5310110,42.2223,16.08909,0.8827239,49.66728,False,False,False,False,False,5,5,5,5,5,1,False,False,False,False,False,15,False
5310110,42.2603,16.11057,0.8827361,49.66024,False,False,False,False,False,5,5,5,5,5,1,False,False,False,False,False,15,False
5310110,42.2992,16.1266,0.8827497,49.65465,False,False,False,False,False,5,5,5,5,5,1,False,False,False,False,False,15,False
5310110,42.33772,16.15113,0.882719,49.64535,False,False,False,False,False,5,5,5,5,5,1,False,False,False,False,False,15,False
5310110,42.37736,16.17611,0.8827294,49.63531,False,False,False,False,False,5,5,5,5,5,1,False,False,False,False,False,15,False
5310110,42.4195,16.21118,0.8826987,49.62033,False,False,False,False,False,5,5,5,5,5,1,False,False,False,False,False,15,False
5310110,42.45732,16.22668,0.882759,49.61347,False,False,False,False,False,5,5,5,5,5,1,False,False,False,False,False,15,False
5310110,42.49892,16.2459,0.8827319,49.60504,False,False,False,False,False,5,5,5,5,5,1,False,False,False,False,False,15,False
5310110,42.53797,16.26233,0.8827505,49.59718,False,False,False,False,False,5,5,5,5,5,1,False,False,False,False,False,15,False
5310110,42.57894,16.26859,0.8827628,49.59253,False,False,False,False,False,5,5,5,5,5,1,False,False,False,False,False,15,False
5310110,42.61764,16.28272,0.882728,49.58686,False,False,False,False,False,5,5,5,5,5,1,False,False,False,False,False,15,False
5310110,42.65729,16.31155,0.8827103,49.57571,False,False,False,False,False,5,5,5,5,5,1,False,False,False,False,False,15,False
5310110,42.69736,16.34127,0.8827208,49.56476,False,False,False,False,False,5,5,5,5,5,1,False,False,False,False,False,15,False
5310110,42.7362,16.3455,0.8827859,49.56247,False,False,False,False,False,5,5,5,5,5,1,False,False,False,False,False,15,False
5310110,42.77617,16.34386,0.8821117,49.56017,False,False,False,False,False,5,5,5,5,5,1,False,False,False,False,False,15,False
5310110,42.81541,16.32395,0.8827248,49.56384,False,False,False,False,False,5,5,5,5,5,1,True,False,False,False,False,15,False
5310110,42.86203,16.28681,0.8825445,49.56704,False,False,False,False,False,5,5,5,5,5,1,True,False,False,False,False,15,False
5310110,42.90159,16.26647,0.8827038,49.56562,False,False,False,False,False,5,5,5,5,5,1,False,False,False,False,False,15,False
5310110,42.95294,16.24592,0.8805473,49.56755,False,False,False,False,False,5,5,5,5,5,1,True,False,False,False,False,15,False
5310110,42.99228,16.21067,0.8811228,49.56934,False,False,False,False,False,5,5,5,5,5,1,True,False,False,False,False,15,False
5310110,43.03248,16.18147,0.8809705,49.57298,False,False,False,False,False,5,5,5,5,5,1,True,False,False,False,False,15,False
5310110,43.07824,16.17393,0.8804682,49.57496,False,False,False,False,False,5,5,5,5,5,1,True,False,False,False,False,15,False
5310110,43.11786,16.17717,0.8827677,49.57318,False,False,False,False,False,5,5,5,5,5,1,False,False,False,False,False,15,False
5310110,43.15784,16.17754,0.8821398,49.57303,False,False,False,False,False,5,5,5,5,5,1,False,False,False,False,False,15,False
5310110,43.19718,16.17807,0.8819032,49.57301,False,False,False,False,False,5,5,5,5,5,1,False,False,False,False,False,15,False
5310110,43.23729,16.17701,0.8818066,49.57178,False,False,False,False,False,5,5,5,5,5,1,False,False,False,False,False,15,False
5310110,43.27656,16.17877,0.8804914,49.57239,False,False,False,False,False,5,5,5,5,5,1,True,False,False,False,False,15,False
5310110,43.31708,16.17924,0.8827819,49.57341,False,False,False,False,False,5,5,5,5,5,1,True,False,False,False,False,15,False
5310110,43.3565,16.1793,0.8828965,49.57396,False,False,False,False,False,5,5,5,5,5,1,True,False,False,False,False,15,False
5310110,43.39798,16.15355,0.8825109,49.57642,False,False,False,False,False,5,5,5,5,5,1,True,False,False,False,False,15,False
5310110,43.43869,16.11864,0.882669,49.5854,False,False,False,False,False,5,5,5,5,5,1,True,False,False,False,False,15,False
5310110,43.47861,16.10909,0.8825668,49.58836,False,False,False,False,False,5,5,5,5,5,1,True,False,False,False,False,15,False
5310110,43.51841,16.10908,0.8826727,49.58834,False,False,False,False,False,5,5,5,5,5,1,False,False,False,False,False,15,False
5310110,43.55806,16.10923,0.8820334,49.58937,False,False,False,False,False,5,5,5,5,5,1,True,False,False,False,False,15,False
5310110,43.59703,16.10814,0.8814527,49.58809,False,False,False,False,False,5,5,5,5,5,1,False,False,False,False,False,15,False
5310110,43.63477,16.10723,0.8821796,49.59088,False,False,False,False,False,5,5,5,5,5,1,True,False,False,False,False,15,False
5310110,43.67205,16.11723,0.8818434,49.59203,False,False,False,False,False,5,5,5,5,5,1,True,False,False,False,False,15,False
5310110,43.71431,16.11614,0.8818142,49.59149,False,False,False,False,False,5,5,5,5,5,1,False,False,False,False,False,15,False
5310110,43.75123,16.11543,0.8823513,49.59156,False,False,False,False,False,5,5,5,5,5,1,True,False,False,False,False,15,False
5310110,43.79146,16.11005,0.8818727,49.59377,False,False,False,False,False,5,5,5,5,5,1,True,False,False,False,False,15,False
5310110,43.82999,16.09029,0.8812635,49.59478,False,False,False,False,False,5,5,5,5,5,1,True,False,False,False,False,15,False
5310110,43.86866,16.07391,0.8825132,49.59285,False,False,False,False,False,5,5,5,5,5,1,False,False,False,False,False,15,False
5310110,43.90843,16.07214,0.882122,49.58858,False,False,False,False,False,5,5,5,5,5,1,False,False,False,False,False,15,False
5310110,43.94836,16.07798,0.8816249,49.58596,False,False,False,False,False,5,5,5,5,5,1,False,False,False,False,False,15,False
5310110,43.98808,16.08553,0.8827592,49.58521,False,False,False,False,False,5,5,5,5,5,1,False,False,False,False,False,15,False
5310110,44.02733,16.09566,0.8827667,49.58327,False,False,False,False,False,5,5,5,5,5,1,False,False,False,False,False,15,False
5310110,44.06544,16.10709,0.8821748,49.58186,False,False,False,False,False,5,5,5,5,5,1,False,False,False,False,False,15,False
5310110,44.10286,16.12501,0.8819894,49.57819,False,False,False,False,False,5,5,5,5,5,1,False,False,False,False,False,15,False
5310110,44.142,16.14438,0.8823417,49.5781,False,False,False,False,False,5,5,5,5,5,1,False,False,False,False,False,15,False
5310110,44.18193,16.17316,0.8827268,49.57687,False,False,False,False,False,5,5,5,5,5,1,False,False,False,False,False,15,False
5310110,44.22188,16.18643,0.8827745,49.57693,False,False,False,False,False,5,5,5,5,5,1,True,False,False,False,False,15,False
5310110,44.264,16.15798,0.881416,49.57808,False,False,False,False,False,5,5,5,5,5,1,True,False,False,False,False,15,False
5310110,44.31178,16.06387,0.881604,49.57957,False,False,False,False,False,5,5,5,5,5,1,True,False,False,False,False,15,False
5310110,44.35249,15.9321,0.8818561,49.58285,False,False,False,False,False,5,5,5,5,5,1,True,False,False,False,False,15,False
5310110,44.39392,15.7817,0.8820273,49.57473,False,False,False,False,False,5,5,5,5,5,1,False,False,False,False,False,15,False
5310110,44.4342,15.65106,0.8821025,49.56869,False,False,False,False,False,5,5,5,5,5,1,False,False,False,False,False,15,False
5310110,44.47996,15.47949,0.8831096,49.56676,False,False,False,False,False,5,5,5,5,5,1,False,False,False,False,False,15,False
5310110,44.52082,15.27917,0.8830348,49.56517,False,False,False,False,False,5,5,5,5,5,1,False,False,False,False,False,15,False
5310110,44.55956,15.0638,0.8831768,49.56359,False,False,False,False,False,5,5,5,5,5,1,False,False,False,False,False,15,False
5310110,44.5991,14.81987,0.883164,49.56184,False,False,False,False,False,5,5,5,5,5,1,False,False,False,False,False,15,False
5310110,44.63924,14.53971,0.8832635,49.55989,False,False,False,False,False,5,5,5,5,5,1,False,False,False,False,False,15,False
5310110,44.67762,14.26964,0.8829554,49.58234,False,False,False,False,False,5,5,5,5,5,1,True,False,False,False,False,15,False
5310110,44.72187,13.96772,0.8830215,49.59724,False,False,False,False,False,5,5,5,5,5,1,True,False,False,False,False,15,False
5310110,44.75981,13.71676,0.8833139,49.59491,False,False,False,False,False,5,5,5,5,5,1,False,False,False,False,False,15,False
5310110,44.79983,13.46091,0.8833146,49.61665,False,False,False,False,False,5,5,5,5,5,1,True,False,False,False,False,15,False
5310110,44.84366,13.18973,0.8825948,49.60567,False,False,False,False,False,5,5,5,5,5,1,False,False,False,False,False,15,False
5310110,44.883,12.95452,0.8827161,49.60105,True,False,False,False,False,4.82300138473511,5,5,5,5,1,False,False,False,False,False,15,False
5310110,44.92122,12.73382,0.8830383,49.60335,True,False,False,False,False,4.64281320571899,5,5,5,5,1,True,False,False,False,False,15,False
5310110,44.9636,12.49861,0.8825352,49.57274,True,False,False,False,False,4.43603754043579,5,5,5,5,1,False,False,False,False,False,15,False
5310110,45.00336,12.27139,0.8826246,49.53901,True,False,False,False,False,4.24887895584106,5,5,5,5,1,False,False,False,False,False,15,False
5310110,45.0458,12.0071,0.8821917,49.50646,True,True,False,False,False,4.02323198318481,4.77974987030029,5,5,5,1,False,False,False,False,False,15,False
5310110,45.08678,11.75926,0.8819933,49.48828,True,True,False,False,False,3.80087614059448,4.5899658203125,5,5,5,1,False,False,False,False,False,15,False
5310110,45.1264,11.52841,0.882029,49.46439,True,True,True,False,False,3.59770679473877,4.42432975769043,4.88344669342041,5,5,1,False,False,False,False,False,15,False
5310110,45.16754,11.29726,0.8817844,49.44285,True,True,True,False,False,3.39834022521973,4.24100923538208,4.71991634368896,5,5,1,False,False,False,False,False,15,False
5310110,45.20672,11.06538,0.8819901,49.43483,True,True,True,False,False,3.20669221878052,4.08012342453003,4.58599138259888,5,5,1,False,False,False,False,False,15,False
5310110,45.24749,10.80789,0.8818779,49.4184,True,True,True,True,False,2.99182772636414,3.8235080242157,4.32969856262207,4.89596652984619,5,1,False,False,False,False,False,15,False
5310110,45.28903,10.5547,0.881554,49.40147,True,True,True,True,False,2.78618144989014,3.57037758827209,4.07681226730347,4.64336395263672,5,1,False,False,False,False,False,15,False
5310110,45.32935,10.31771,0.881457,49.38554,True,True,True,True,False,2.59435415267944,3.33329129219055,3.83995056152344,4.40675163269043,5,1,False,False,False,False,False,15,False
5310110,45.36882,10.094,0.8815314,49.37053,True,True,True,True,False,2.41330623626709,3.10951399803162,3.61638855934143,4.18345594406128,5,1,False,False,False,False,False,15,False
5310110,45.41037,9.868311,0.8811809,49.34066,True,True,True,True,False,2.22172474861145,2.83192873001099,3.31604862213135,3.8567328453064,5,2,True,False,False,False,False,15,False
5310110,45.45398,9.639484,0.880447,49.32368,True,True,True,True,False,2.03738641738892,2.57404255867004,3.0391538143158,3.55784773826599,5,2,True,False,False,False,False,15,False
5310110,45.49508,9.430504,0.8803557,49.32747,True,True,True,True,False,1.87809658050537,2.4244487285614,2.91710233688354,3.46758604049683,5,2,True,False,False,False,False,15,False
5310110,45.53619,9.229329,0.8800689,49.34045,True,True,True,True,False,1.74211359024048,2.35839986801147,2.93259119987488,3.58309483528137,5,2,True,False,False,False,False,15,False
5310110,45.5754,9.01593,0.8801055,49.34686,True,True,True,True,False,1.59467387199402,2.25627446174622,2.90050888061523,3.63635945320129,5,2,True,False,False,False,False,15,False
5310110,45.61447,8.795037,0.880381,49.33599,True,True,True,True,False,1.42336189746857,2.04319143295288,2.70497393608093,3.46274852752686,5,2,True,False,False,False,False,15,False
5310110,45.65789,8.559681,0.8797045,49.3521,True,True,True,True,False,1.26333963871002,1.86539053916931,2.56774401664734,3.38725137710571,5,2,True,False,False,False,False,15,False
5310110,45.70123,8.335667,0.8794971,49.39356,True,True,True,True,False,1.14861023426056,1.81064367294312,2.66106414794922,3.68270826339722,5,2,True,False,False,False,False,15,False
5310110,45.74649,8.114408,0.8805104,49.45404,True,True,True,True,False,1.0649402141571,1.92174994945526,3.10981392860413,4.81111669540405,5,2,True,False,False,False,False,15,False
5310110,45.79158,7.880626,0.8815625,49.52261,True,True,True,False,False,0.985644936561584,2.04642653465271,3.85019445419312,5,5,2,True,False,False,False,False,15,False
5310110,45.833,7.647105,0.8818904,49.57507,True,True,True,False,False,0.868350327014923,1.95540177822113,4.33074331283569,5,5,2,True,False,False,False,False,15,False
5310110,45.87708,7.405263,0.882678,49.62082,True,True,True,False,False,0.713636517524719,1.59067583084106,3.74796605110168,5,5,2,True,False,False,False,False,15,False
5310110,45.92234,7.178437,0.8827857,49.70183,True,True,True,False,False,0.611295223236084,1.42406129837036,3.81766486167908,5,5,2,True,False,False,False,False,15,False
5310110,45.96691,6.971435,0.8819175,49.79926,True,True,False,False,False,0.573484122753143,1.56848037242889,5,5,5,2,True,False,False,False,False,15,False
5310110,46.01139,6.779462,0.8809949,49.90675,True,False,False,False,False,0.587368130683899,5,5,5,5,2,True,False,False,False,False,15,False
5310110,46.05244,6.611723,0.880861,50.00243,True,False,False,False,False,0.613271653652191,5,5,5,5,2,True,False,False,False,False,15,False
5310110,46.09522,6.439701,0.8802711,50.08582,True,False,False,False,False,0.600193917751312,5,5,5,5,2,True,False,False,False,False,15,False
5310110,46.13618,6.28955,0.8802019,50.16557,True,False,False,False,False,0.569199562072754,5,5,5,5,2,True,False,False,False,False,15,False
5310110,46.17811,6.119605,0.8793553,50.26473,True,False,False,False,False,0.544768989086151,5,5,5,5,2,True,False,False,False,False,15,False
5310110,46.22071,5.941032,0.8796486,50.37098,True,False,False,False,False,0.535796821117401,5,5,5,5,2,True,False,False,False,False,15,False
5310110,46.26098,5.776986,0.8796263,50.46,True,False,False,False,False,0.507765769958496,5,5,5,5,2,True,False,False,False,False,15,False
5310110,46.3026,5.597055,0.879536,50.54742,True,False,False,False,False,0.446487426757813,5,5,5,5,2,True,False,False,False,False,15,False
5310110,46.34228,5.396414,0.8797076,50.65716,True,False,False,False,False,0.428090929985046,5,5,5,5,2,True,False,False,False,False,15,False
5310110,46.38619,5.154449,0.8806399,50.79109,True,False,False,False,False,0.429108381271362,5,5,5,5,2,True,False,False,False,False,15,False
5310110,46.43007,4.921703,0.8813797,50.92019,True,False,False,False,False,0.437315493822098,5,5,5,5,2,True,False,False,False,False,15,False
5310110,46.48707,4.646097,0.8819038,51.10486,True,False,False,False,False,0.579060733318329,5,5,5,5,2,True,False,False,False,False,15,False
5310110,46.52947,4.434584,0.8814631,51.25221,True,False,False,False,False,0.765039324760437,5,5,5,5,2,True,False,False,False,False,15,False
5310110,46.57234,4.185128,0.8810214,51.41502,True,False,False,False,False,0.943415701389313,5,5,5,5,2,True,False,False,False,False,15,False
5310110,46.61319,3.950754,0.8809385,51.59329,True,False,False,False,False,1.31330621242523,5,5,5,5,2,True,False,False,False,False,15,False
5310110,46.65559,3.713532,0.880436,51.77081,True,False,False,False,False,1.82392275333405,5,5,5,5,2,True,False,False,False,False,15,False
5310110,46.69693,3.464233,0.8802087,51.94675,True,False,False,False,False,2.41184043884277,5,5,5,5,2,True,False,False,False,False,15,False
5310110,46.73795,3.193167,0.880143,52.13677,True,False,False,False,False,3.65606355667114,5,5,5,5,2,True,False,False,False,False,15,False
5310110,46.77946,2.934521,0.879935,52.35379,False,False,False,False,False,5,5,5,5,5,2,True,False,False,False,False,15,False
5310110,46.82121,2.659061,0.8799912,52.53474,False,False,False,False,False,5,5,5,5,5,2,True,False,False,False,False,15,False
5310110,46.86132,2.40564,0.8799414,52.70882,False,False,False,False,False,5,5,5,5,5,2,True,False,False,False,False,15,False
5310110,46.90215,2.171966,0.8801123,52.9035,False,False,False,False,False,5,5,5,5,5,2,True,False,False,False,False,15,False
5310110,46.94094,1.942436,0.8798149,53.06459,False,False,False,False,False,5,5,5,5,5,2,True,False,False,False,False,15,False
5310110,46.98097,1.69672,0.8797597,53.20424,False,False,False,False,False,5,5,5,5,5,2,True,False,False,False,False,15,False
5310110,47.02081,1.46166,0.8796822,53.34281,False,False,False,False,False,5,5,5,5,5,2,True,False,False,False,False,15,False
5310110,47.06041,1.235426,0.8796284,53.49531,False,False,False,False,False,5,5,5,5,5,2,True,False,False,False,False,15,False
5310110,47.09969,0.9912353,0.8797068,53.65145,False,False,False,False,False,5,5,5,5,5,2,True,False,False,False,False,15,False
5310110,47.1402,0.7313285,0.8796578,53.78077,False,False,False,False,False,5,5,5,5,5,2,True,False,False,False,False,15,False
5310110,47.17988,0.480107,0.8795757,53.89644,False,False,False,False,False,5,5,5,5,5,2,True,False,False,False,False,15,False
5310110,47.22156,0.2045943,0.8799309,54.04178,False,False,False,False,False,5,5,5,5,5,2,True,False,False,False,False,15,False
5310110,47.26085,-0.06906227,0.8799086,54.1884,False,False,False,False,False,5,5,5,5,5,2,True,False,False,False,False,15,False
5310110,47.30082,-0.3396574,0.8798974,54.3339,False,False,False,False,False,5,5,5,5,5,2,True,False,False,False,False,15,False
5310110,47.34324,-0.6183877,0.8802948,54.48392,False,False,False,False,False,5,5,5,5,5,2,True,False,False,False,False,15,False
5310110,47.38504,-0.891564,0.8805895,54.61441,False,False,False,False,False,5,5,5,5,5,2,True,False,False,False,False,15,False
5310110,47.42691,-1.154365,0.8808941,54.74621,False,False,False,False,False,5,5,5,5,5,2,True,False,False,False,False,15,False
5310110,47.46776,-1.411791,0.8810887,54.89004,False,False,False,False,False,5,5,5,5,5,2,True,False,False,False,False,15,False
5310110,47.51075,-1.715856,0.8817389,55.04451,False,False,False,False,False,5,5,5,5,5,2,True,False,False,False,False,15,False
5310110,47.55006,-1.992667,0.8816721,55.20636,False,False,False,False,False,5,5,5,5,5,2,True,False,False,False,False,15,False
5310110,47.59244,-2.292114,0.8820871,55.3588,False,False,False,False,False,5,5,5,5,5,2,True,False,False,False,False,15,False
5310110,47.63384,-2.58943,0.8822906,55.47857,False,False,False,False,False,5,5,5,5,5,2,True,False,False,False,False,15,False
5310110,47.67465,-2.858558,0.8824288,55.6232,False,False,False,False,False,5,5,5,5,5,2,True,False,False,False,False,15,False
5310110,47.71531,-3.118024,0.8825389,55.7644,False,False,False,False,False,5,5,5,5,5,2,True,False,False,False,False,15,False
5310110,47.75568,-3.392681,0.8826398,55.90363,False,False,False,False,False,5,5,5,5,5,2,True,False,False,False,False,15,False
5310110,47.79859,-3.701318,0.8831784,56.02772,False,False,False,False,False,5,5,5,5,5,2,True,False,False,False,False,15,False
5310110,47.84236,-3.990906,0.8829979,56.18287,False,False,False,False,False,5,5,5,5,5,2,True,False,False,False,False,15,False
5310110,47.88485,-4.261641,0.8825034,56.33249,False,False,False,False,False,5,5,5,5,5,2,True,False,False,False,False,15,False
5310110,47.92791,-4.527324,0.8819039,56.47945,False,False,False,False,False,5,5,5,5,5,2,True,False,False,False,False,15,False
5310110,47.97687,-4.827519,0.8801386,56.62395,False,False,False,False,False,5,5,5,5,5,2,True,False,False,False,False,15,False
5310110,48.02078,-5.07617,0.8796557,56.7692,False,False,False,False,False,5,5,5,5,5,2,True,False,False,False,False,15,False
5310110,48.06428,-5.30688,0.8803094,56.92095,False,False,False,False,True,5,5,5,5,4.75144004821777,2,True,False,False,False,False,15,False
5310110,48.10543,-5.535863,0.8804927,57.05976,False,False,False,False,True,5,5,5,5,4.57712125778198,2,True,False,False,False,False,15,False
5310110,48.14819,-5.788995,0.8811244,57.21288,False,False,False,False,True,5,5,5,5,4.40187883377075,2,True,False,False,False,False,15,False
5310110,48.19107,-6.034425,0.8816597,57.36146,False,False,False,False,True,5,5,5,5,4.23184061050415,2,True,False,False,False,False,15,False
5310110,48.23441,-6.294737,0.8823281,57.51909,False,False,False,False,True,5,5,5,5,4.05151891708374,2,True,False,False,False,False,15,False
5310110,48.27582,-6.550442,0.8826194,57.67394,False,False,False,False,True,5,5,5,5,3.87443900108337,2,True,False,False,False,False,15,False
5310110,48.32945,-6.887771,0.8815634,57.83697,False,False,False,False,True,5,5,5,5,3.76005101203918,2,True,False,False,False,False,15,False
5310110,48.37936,-7.190475,0.8796427,57.98206,False,False,False,False,True,5,5,5,5,3.66968750953674,2,True,False,False,False,False,15,False
5310110,48.42073,-7.428684,0.8796288,58.10411,False,False,False,False,True,5,5,5,5,3.52452921867371,2,True,False,False,False,False,15,False
5310110,48.46755,-7.688341,0.8809026,58.23734,False,False,False,False,True,5,5,5,5,3.36540603637695,2,True,False,False,False,False,15,False
5310110,48.51045,-7.91725,0.8814378,58.35479,False,False,False,False,True,5,5,5,5,3.22519040107727,2,True,False,False,False,False,15,False
5310110,48.56078,-8.164782,0.8831393,58.50716,False,False,False,False,True,5,5,5,5,2.99778389930725,2,True,False,False,False,False,15,False
5310110,48.60411,-8.378038,0.8825127,58.64862,False,False,False,True,True,5,5,5,4.71024465560913,2.76927542686462,2,True,False,False,False,False,15,False
5310110,48.64578,-8.619644,0.8822781,58.79558,False,False,False,True,True,5,5,5,4.37873888015747,2.59262776374817,2,True,False,False,False,False,15,False
5310110,48.6893,-8.901405,0.8817084,58.96664,False,False,True,True,True,5,5,4.87088346481323,4.04829263687134,2.39740347862244,2,True,False,False,False,False,15,False
5310110,48.73589,-9.231249,0.8805782,59.16696,False,False,True,True,True,5,5,4.48418521881104,3.66186738014221,2.16891312599182,2,True,False,False,False,False,15,False
5310110,48.78129,-9.539511,0.880125,59.39214,False,True,True,True,True,5,4.65683794021606,3.88010811805725,3.10337829589844,1.88913059234619,2,True,False,False,False,False,15,False
5310110,48.82652,-9.841572,0.8810391,59.60394,False,True,True,True,True,5,3.98173022270203,3.27078580856323,2.55984091758728,1.62326574325562,2,True,False,False,False,False,15,False
5310110,48.86908,-10.13874,0.8814713,59.79292,False,True,True,True,True,5,3.62099766731262,2.91821002960205,2.21542286872864,1.41216385364532,2,True,False,False,False,False,15,False
5310110,48.91189,-10.44882,0.8820746,60.00974,False,True,True,True,True,5,3.24609422683716,2.54354619979858,1.8409982919693,1.17367720603943,2,True,False,False,False,False,15,False
5310110,48.95456,-10.7732,0.8826244,60.24005,False,True,True,True,True,5,2.84808802604675,2.14577388763428,1.44345951080322,0.920374035835266,2,True,False,False,False,False,15,False
5310110,48.99855,-11.08914,0.8833447,60.50496,False,True,True,True,True,5,2.2997350692749,1.63046610355377,0.961197018623352,0.626066565513611,2,True,False,False,False,False,15,False
5310110,49.0412,-11.3707,0.8834159,60.76978,False,True,True,True,True,5,1.69799113273621,1.0980498790741,0.49810266494751,0.339776664972305,2,True,False,False,False,False,15,False
5310110,49.08529,-11.58615,0.8974512,60.77184,False,True,True,True,True,5,2.19767212867737,1.38854968547821,0.579427182674408,0.345895946025848,2,True,False,False,False,False,15,False
5310110,49.1348,-11.75254,0.9004397,60.76068,False,False,True,True,True,5,5,3.9085259437561,1.54455459117889,0.478193372488022,2,True,False,False,False,False,15,False
5310110,49.17662,-11.87824,0.9024898,60.75734,False,False,False,False,True,5,5,5,5,0.97047758102417,2,True,False,False,False,False,15,False
5310110,49.22172,-12.0115,0.9024404,60.76207,False,False,False,False,True,5,5,5,5,3.38680076599121,2,True,False,False,False,False,15,False
5310110,49.26536,-12.14346,0.8973572,60.74738,False,False,False,False,False,5,5,5,5,5,2,True,False,False,False,False,15,False
5310110,49.30731,-12.27105,0.8914521,60.71198,False,False,False,False,False,5,5,5,5,5,2,True,False,False,False,False,15,False
5310110,49.35279,-12.41729,0.8865699,60.66254,False,False,False,False,False,5,5,5,5,5,2,True,False,False,False,False,15,False
5310110,49.39692,-12.55765,0.8815629,60.61449,False,False,False,False,False,5,5,5,5,5,2,True,False,False,False,False,15,False
5310110,49.43871,-12.6879,0.8831983,60.5677,False,False,False,False,False,5,5,5,5,5,2,True,False,False,False,False,15,False
5310110,49.48048,-12.81335,0.8830862,60.52031,False,False,False,False,False,5,5,5,5,5,2,True,False,False,False,False,15,False
5310110,49.52299,-12.93633,0.882875,60.47411,False,False,False,False,False,5,5,5,5,5,2,True,False,False,False,False,15,False
5310110,49.56541,-13.06339,0.8807757,60.42852,False,False,False,False,False,5,5,5,5,5,2,True,False,False,False,False,15,False
5310110,49.60878,-13.14446,0.8811116,60.36507,False,False,False,False,False,5,5,5,5,5,2,True,False,False,False,False,15,False
5310110,49.65015,-13.17491,0.8814394,60.29378,False,False,False,False,False,5,5,5,5,5,2,True,False,False,False,False,15,False
5310110,49.69291,-13.19007,0.8818018,60.22372,False,False,False,False,False,5,5,5,5,5,2,True,False,False,False,False,15,False
5310110,49.73547,-13.20099,0.8822148,60.16121,False,False,False,False,False,5,5,5,5,5,2,True,False,False,False,False,15,False
5310110,49.77732,-13.21496,0.882584,60.07103,False,False,False,False,False,5,5,5,5,5,2,True,False,False,False,False,15,False
5310110,49.81885,-13.23735,0.8827993,59.971,False,False,False,False,False,5,5,5,5,5,2,True,False,False,False,False,15,False
5310110,49.86169,-13.25936,0.8827775,59.83289,False,False,False,False,False,5,5,5,5,5,2,True,False,False,False,False,15,False
5310110,49.91935,-13.28977,0.8796493,59.61248,False,False,False,False,False,5,5,5,5,5,2,True,False,False,False,False,15,False
5310110,49.96116,-13.32425,0.8797832,59.46973,False,False,False,False,False,5,5,5,5,5,2,True,False,False,False,False,15,False
5310110,50.00529,-13.36104,0.8803474,59.33334,False,False,False,False,False,5,5,5,5,5,2,True,False,False,False,False,15,False
5310110,50.04888,-13.3948,0.8812286,59.21828,False,False,False,False,False,5,5,5,5,5,2,True,False,False,False,False,15,False
5310110,50.09145,-13.42213,0.8815773,59.11285,False,False,False,False,False,5,5,5,5,5,2,True,False,False,False,False,15,False
5310110,50.13519,-13.44194,0.8821807,59.02387,False,False,False,False,False,5,5,5,5,5,2,True,False,False,False,False,15,False
5310110,50.18242,-13.45397,0.8825451,58.94559,False,False,False,False,False,5,5,5,5,5,2,True,False,False,False,False,15,False
5310110,50.22444,-13.45646,0.8822339,58.88248,False,False,False,False,False,5,5,5,5,5,2,True,False,False,False,False,15,False
5310110,50.27161,-13.45189,0.8811346,58.82002,False,False,False,False,False,5,5,5,5,5,2,False,False,False,False,False,15,False
5310110,50.3161,-13.44285,0.880591,58.76999,False,False,False,False,False,5,5,5,5,5,2,False,False,False,False,False,15,False
5310110,50.36026,-13.43881,0.8798871,58.72876,False,False,False,False,False,5,5,5,5,5,2,False,False,False,False,False,15,False
5310110,50.40671,-13.4354,0.8808373,58.67207,False,False,False,False,False,5,5,5,5,5,2,False,False,False,False,False,15,False
5310110,50.45094,-13.43459,0.8814901,58.58792,False,False,False,False,False,5,5,5,5,5,2,False,False,False,False,False,15,False
5310110,50.49573,-13.43493,0.8821962,58.52563,False,False,False,False,False,5,5,5,5,5,2,True,False,False,False,False,15,False
5310110,50.54135,-13.43032,0.8827556,58.43913,False,False,False,False,False,5,5,5,5,5,2,False,False,False,False,False,15,False
5310110,50.58721,-13.42351,0.881844,58.32059,False,False,False,False,False,5,5,5,5,5,2,False,False,False,False,False,15,False
5310110,50.63189,-13.41639,0.8810333,58.19802,False,False,False,False,False,5,5,5,5,5,2,False,False,False,False,False,15,False
5310110,50.67556,-13.39702,0.8805113,58.05844,False,False,False,False,False,5,5,5,5,5,2,False,False,False,False,False,15,False
5310110,50.72133,-13.36486,0.8799953,57.92259,False,False,False,False,False,5,5,5,5,5,2,False,False,False,False,False,15,False
5310110,50.76774,-13.33572,0.8811265,57.79446,False,False,False,False,False,5,5,5,5,5,2,False,False,False,False,False,15,False
5310110,50.81524,-13.3006,0.8822514,57.67597,False,False,False,False,False,5,5,5,5,5,2,False,False,False,False,False,15,False
5310110,50.86003,-13.26891,0.8829657,57.57323,False,False,False,False,True,5,5,5,5,4.87596797943115,2,False,False,False,False,False,15,False
5310110,50.90406,-13.24301,0.8822877,57.4878,False,False,False,False,True,5,5,5,5,4.76288080215454,2,False,False,False,False,False,15,False
5310110,50.94797,-13.22449,0.8816054,57.4257,False,False,False,True,True,5,5,5,4.99588680267334,4.71587800979614,2,False,False,False,False,False,15,False
5310110,51.00261,-13.18865,0.8803106,57.31678,False,False,False,True,True,5,5,5,4.85457229614258,4.62597846984863,2,False,False,False,False,False,15,False
5310110,51.04699,-13.13529,0.8809091,57.1927,False,False,True,True,True,5,5,4.93196964263916,4.74079942703247,4.48430919647217,2,False,False,False,False,False,15,False
5310110,51.08916,-13.08767,0.8812269,57.09116,False,False,True,True,True,5,5,4.85986995697021,4.65802907943726,4.36199045181274,2,False,False,False,False,False,15,False
5310110,51.13763,-13.0387,0.8825877,56.99533,False,False,True,True,True,5,5,4.80276346206665,4.58783578872681,4.24425268173218,2,False,False,False,False,False,15,False
5310110,51.18467,-12.98583,0.8822409,56.91584,False,False,True,True,True,5,5,4.87459325790405,4.61849689483643,4.11586761474609,2,False,False,False,False,False,15,False
5310110,51.22705,-12.94504,0.8818588,56.86079,False,False,False,True,True,5,5,5,4.71226644515991,4.03241920471191,2,False,False,False,False,False,15,False
5310110,51.27236,-12.90066,0.8809647,56.79526,False,False,False,True,True,5,5,5,4.72891426086426,3.96094727516174,2,False,False,False,False,False,15,False
5310110,51.31625,-12.8544,0.8803424,56.72438,False,False,True,True,True,5,5,4.98218822479248,4.65219116210938,3.88971257209778,2,False,False,False,False,False,15,False
5310110,51.35953,-12.82403,0.8797411,56.66513,False,False,True,True,True,5,5,4.83442306518555,4.52105712890625,3.83338809013367,2,False,False,False,False,False,15,False
5310110,51.40201,-12.77241,0.8800575,56.57791,False,False,True,True,True,5,5,4.70624589920044,4.39860963821411,3.74776577949524,2,False,False,False,False,False,15,False
5310110,51.44384,-12.7063,0.880366,56.47028,False,True,True,True,True,5,4.88740491867065,4.57979393005371,4.27218770980835,3.64013910293579,2,False,False,False,False,False,15,False
5310110,51.48606,-12.64448,0.8807013,56.38136,False,True,True,True,True,5,4.82946920394897,4.51295280456543,4.1964316368103,3.5486466884613,2,False,False,False,False,False,15,False
5310110,51.52802,-12.58909,0.8810944,56.29834,False,True,True,True,True,5,4.80241680145264,4.47228384017944,4.14215517044067,3.46288776397705,2,False,False,False,False,False,15,False
5310110,51.57089,-12.54711,0.8815028,56.22652,False,True,True,True,True,5,4.7163233757019,4.38619565963745,4.056067943573,3.39092612266541,2,False,False,False,False,False,15,False
5310110,51.61513,-12.49319,0.8822491,56.14344,False,True,True,True,True,5,4.61670875549316,4.28659391403198,3.95647931098938,3.30770373344421,2,False,False,False,False,False,15,False
5310110,51.66243,-12.43531,0.8825989,56.03375,False,True,True,True,True,5,4.39243268966675,4.08117246627808,3.76991248130798,3.20220494270325,2,False,False,False,False,False,15,False
5310110,51.70759,-12.3758,0.8817894,55.91575,False,True,True,True,True,5,4.13027238845825,3.84580111503601,3.56133437156677,3.09548282623291,2,False,False,False,False,False,15,False
5310110,51.75312,-12.30824,0.8806976,55.77049,False,True,True,True,True,5,3.86478590965271,3.60357642173767,3.34236264228821,2.96509099006653,2,False,False,False,False,False,15,False
5310110,51.7986,-12.23022,0.8798645,55.60108,False,True,True,True,True,5,3.59942770004272,3.35736799240112,3.11530423164368,2.81142234802246,2,False,False,False,False,False,15,False
5310110,51.84308,-12.12795,0.8797315,55.39066,False,True,True,True,True,5,3.36438012123108,3.12270188331604,2.88101935386658,2.6008882522583,2,False,False,False,False,False,15,False
5310110,51.89403,-11.98765,0.8821737,55.09966,True,True,True,True,True,4.86857604980469,3.04049468040466,2.79897975921631,2.55746960639954,2.30915117263794,2,False,False,False,False,False,15,False
5310110,51.93841,-11.84752,0.8831334,54.80926,True,True,True,True,True,4.35066080093384,2.71757888793945,2.47618913650513,2.23479962348938,2.01803255081177,2,False,False,False,False,False,15,False
5310110,51.9832,-11.73187,0.8828377,54.49939,True,True,True,True,True,3.62569284439087,2.32636547088623,2.10197329521179,1.87758123874664,1.72189199924469,2,False,False,False,False,False,15,False
5310110,52.02906,-11.60679,0.8816816,54.19681,True,True,True,True,True,2.9145872592926,1.9383749961853,1.73740911483765,1.5364431142807,1.43997776508331,2,False,False,False,False,False,15,False
5310110,52.07538,-11.46621,0.8805073,53.88396,True,True,True,True,True,2.39030790328979,1.59584438800812,1.39745008945465,1.19905579090118,1.12648797035217,2,False,False,False,False,False,15,False
5310110,52.12,-11.3136,0.8796843,53.58125,True,True,True,True,True,1.983314037323,1.29656112194061,1.08426761627197,0.871978282928467,0.80864816904068,2,False,False,False,False,False,15,False
5310110,52.16465,-11.14446,0.8805081,53.29756,True,True,True,True,True,1.72127413749695,1.0574676990509,0.805793881416321,0.554120004177094,0.495768457651138,2,False,False,False,False,False,15,False
5310110,52.21032,-11.02079,0.8856671,53.25838,True,True,True,True,True,1.98558330535889,1.11430132389069,0.809472501277924,0.504643678665161,0.431004494428635,2,False,False,False,False,False,15,False
5310110,52.25974,-10.92081,0.885601,53.2643,False,True,True,True,True,5,2.10273051261902,1.35684871673584,0.610973477363586,0.379038631916046,2,False,False,False,False,False,15,False
5310110,52.30304,-10.83891,0.8813189,53.26336,False,False,True,True,True,5,5,4.43286180496216,1.79570960998535,0.512595653533936,2,False,False,False,False,False,15,False
5310110,52.34671,-10.75494,0.882917,53.27024,False,False,False,False,True,5,5,5,5,0.941110372543335,2,False,False,False,False,False,15,False
5310110,52.39114,-10.67372,0.8809685,53.27774,False,False,False,False,True,5,5,5,5,2.75172758102417,2,False,False,False,False,False,15,False
5310110,52.44064,-10.58447,0.8799577,53.28359,False,False,False,False,False,5,5,5,5,5,2,False,False,False,False,False,15,False
5310110,52.48555,-10.50534,0.8913022,53.31741,False,False,False,False,False,5,5,5,5,5,2,False,False,False,False,False,15,False
5310110,52.52819,-10.43179,0.8946761,53.37125,False,False,False,False,False,5,5,5,5,5,2,False,False,False,False,False,15,False
5310110,52.57188,-10.35689,0.9019474,53.41785,False,False,False,False,False,5,5,5,5,5,2,False,False,False,False,False,15,False
5310110,52.62373,-10.26657,0.8917716,53.46209,False,False,False,False,False,5,5,5,5,5,2,False,False,False,False,False,15,False
5310110,52.67782,-10.15335,0.8859575,53.49852,False,False,False,False,False,5,5,5,5,5,2,False,False,False,False,False,15,False
5310110,52.7206,-10.11258,0.8875787,53.5206,False,False,False,False,False,5,5,5,5,5,2,False,False,False,False,False,15,False
5310110,52.76617,-10.10762,0.8884898,53.5198,False,False,False,False,False,5,5,5,5,5,2,False,False,False,False,False,15,False
5310110,52.81218,-10.12055,0.8851273,53.50407,False,False,False,False,False,5,5,5,5,5,2,True,False,False,False,False,15,False
5310110,52.85603,-10.12748,0.884129,53.50735,False,False,False,False,False,5,5,5,5,5,2,True,False,False,False,False,15,False
5310110,52.909,-10.09913,0.8831073,53.57172,False,False,False,False,False,5,5,5,5,5,2,False,False,False,False,False,15,False
5310110,52.95497,-10.04672,0.8804085,53.68684,False,False,False,False,False,5,5,5,5,5,2,False,False,False,False,False,15,False
5310110,53.00031,-10.00274,0.8799403,53.82273,False,False,False,False,False,5,5,5,5,5,2,False,False,False,False,False,15,False
5310110,53.05265,-9.962844,0.8818231,53.96132,False,False,False,False,False,5,5,5,5,5,2,False,False,False,False,False,15,False
5310110,53.09759,-9.922175,0.8825905,54.056,False,False,False,False,False,5,5,5,5,5,2,False,False,False,False,False,15,False
5310110,53.14111,-9.896468,0.8827718,54.14337,False,False,False,False,False,5,5,5,5,5,2,False,False,False,False,False,15,False
5310110,53.19244,-9.868478,0.8809405,54.23589,False,False,False,False,False,5,5,5,5,5,2,False,False,False,False,False,15,False
5310110,53.23738,-9.83601,0.8802897,54.30452,False,False,False,False,False,5,5,5,5,5,2,False,False,False,False,False,15,False
5310110,53.28138,-9.81763,0.8800359,54.34793,False,False,False,False,False,5,5,5,5,5,2,False,False,False,False,False,15,False
5310110,53.33329,-9.799922,0.8819683,54.39713,False,False,False,False,False,5,5,5,5,5,2,False,False,False,False,False,15,False
5310110,53.38693,-9.780256,0.8818439,54.45267,False,False,False,False,False,5,5,5,5,5,2,False,False,False,False,False,15,False
5310110,53.43343,-9.770854,0.8810096,54.47108,False,False,False,False,False,5,5,5,5,5,2,False,False,False,False,False,15,False
5310110,53.47844,-9.771455,0.8819731,54.46973,False,False,False,False,False,5,5,5,5,5,2,True,False,False,False,False,15,False
5310110,53.522,-9.764355,0.8814118,54.48309,False,False,False,False,False,5,5,5,5,5,2,False,False,False,False,False,15,False
5310110,53.5685,-9.737659,0.8810935,54.55514,False,False,False,False,False,5,5,5,5,5,2,False,False,False,False,False,15,False
5310110,53.61457,-9.692679,0.8820924,54.65022,False,False,False,False,False,5,5,5,5,5,2,False,False,False,False,False,15,False
5310110,53.662,-9.634807,0.8827262,54.77985,False,False,False,False,False,5,5,5,5,5,2,False,False,False,False,False,15,False
5310110,53.70615,-9.561696,0.882005,54.93178,False,False,False,False,False,5,5,5,5,5,2,False,False,False,False,False,15,False
5310110,53.75865,-9.461669,0.879635,55.09386,False,False,False,False,False,5,5,5,5,5,2,False,False,False,False,False,15,False
5310110,53.80509,-9.388166,0.8805466,55.21792,False,False,False,False,False,5,5,5,5,5,2,False,False,False,False,False,15,False
5310110,53.85104,-9.333018,0.8815005,55.31447,False,False,False,False,False,5,5,5,5,5,2,False,False,False,False,False,15,False
5310110,53.89579,-9.282694,0.8822739,55.3868,False,False,False,False,False,5,5,5,5,5,2,False,False,False,False,False,15,False
5310110,53.9393,-9.244589,0.8828124,55.45389,False,False,False,False,False,5,5,5,5,5,2,False,False,False,False,False,15,False
5310110,53.98362,-9.202214,0.8823327,55.50974,False,False,False,False,False,5,5,5,5,5,2,False,False,False,False,False,15,False
5310110,54.03675,-9.158818,0.8804615,55.56851,False,False,False,False,False,5,5,5,5,5,2,False,False,False,False,False,15,False
5310110,54.08312,-9.122097,0.8803253,55.60833,False,False,False,False,False,5,5,5,5,5,2,False,False,False,False,False,15,False
5310110,54.13074,-9.084238,0.8814257,55.63551,False,False,False,False,False,5,5,5,5,5,2,False,False,False,False,False,15,False
5310110,54.17759,-9.058331,0.8825949,55.65354,False,False,False,False,False,5,5,5,5,5,2,False,False,False,False,False,15,False
5310110,54.22772,-8.999146,0.8817364,55.70272,False,False,False,False,False,5,5,5,5,5,2,False,False,False,False,False,15,False
5310110,54.27269,-8.926958,0.880952,55.77274,False,False,False,False,False,5,5,5,5,5,2,False,False,False,False,False,15,False
5310110,54.3181,-8.871059,0.8800071,55.82698,False,False,False,False,False,5,5,5,5,5,2,False,False,False,False,False,15,False
5310110,54.36216,-8.842635,0.8802797,55.85236,False,False,False,False,False,5,5,5,5,5,2,False,False,False,False,False,15,False
5310110,54.40976,-8.814753,0.8814644,55.87674,False,False,False,False,False,5,5,5,5,5,2,False,False,False,False,False,15,False
5310110,54.46545,-8.752542,0.882096,55.92017,False,False,False,False,False,5,5,5,5,5,2,False,False,False,False,False,15,False
5310110,54.51841,-8.697008,0.8800851,55.94656,False,False,False,False,False,5,5,5,5,5,2,False,False,False,False,False,15,False
5310110,54.56742,-8.657442,0.8819578,55.95746,False,False,False,False,False,5,5,5,5,5,2,False,False,False,False,False,15,False
5310110,54.61648,-8.592325,0.8822973,55.98151,False,False,False,False,False,5,5,5,5,5,2,False,False,False,False,False,15,False
5310110,54.66167,-8.512663,0.8826866,56.00341,False,False,False,False,False,5,5,5,5,5,2,False,False,False,False,False,15,False
5310110,54.70672,-8.439054,0.8817717,56.01332,False,False,False,False,False,5,5,5,5,5,2,False,False,False,False,False,15,False
5310110,54.7557,-8.369786,0.8806101,56.02496,False,False,False,False,False,5,5,5,5,5,2,False,False,False,False,False,15,False
5310110,54.80194,-8.333765,0.8802648,56.03187,False,False,False,False,False,5,5,5,5,5,2,False,False,False,False,False,15,False
5310110,54.84893,-8.333805,0.8810762,56.03223,False,False,False,False,False,5,5,5,5,5,2,True,False,False,False,False,15,False
5310110,54.90673,-8.333818,0.8825363,56.03253,False,False,False,False,False,5,5,5,5,5,2,True,False,False,False,False,15,False
5310110,54.95511,-8.333658,0.8820773,56.03223,False,False,False,False,False,5,5,5,5,5,2,False,False,False,False,False,15,False
5310110,55.01458,-8.283665,0.8819649,56.04018,False,False,False,False,False,5,5,5,5,5,2,False,False,False,False,False,15,False
5310110,55.06478,-8.212584,0.8820025,56.05999,False,False,False,False,False,5,5,5,5,5,2,False,False,False,False,False,15,False
5310110,55.12453,-8.163245,0.8819573,56.077,False,False,False,False,False,5,5,5,5,5,2,False,False,False,False,False,15,False
5310110,55.17171,-8.163937,0.8819447,56.07693,False,False,False,False,False,5,5,5,5,5,2,True,False,False,False,False,15,False
5310110,55.2184,-8.164722,0.8819209,56.07684,False,False,False,False,False,5,5,5,5,5,2,True,False,False,False,False,15,False
5310110,55.27014,-8.182142,0.8827459,56.07276,False,False,False,False,False,5,5,5,5,5,2,True,False,False,False,False,15,False
5310110,55.31714,-8.220418,0.8827024,56.06378,False,False,False,False,False,5,5,5,5,5,2,True,False,False,False,False,15,False
5310110,55.36148,-8.239021,0.8827669,56.05941,False,False,False,False,False,5,5,5,5,5,2,True,False,False,False,False,15,False
5310110,55.4128,-8.238943,0.8816534,56.05939,False,False,False,False,False,5,5,5,5,5,2,False,False,False,False,False,15,False
5310110,55.45959,-8.212317,0.8825662,56.06612,False,False,False,False,False,5,5,5,5,5,2,False,False,False,False,False,15,False
5310110,55.50544,-8.172693,0.8824877,56.06889,False,False,False,False,False,5,5,5,5,5,2,False,False,False,False,False,15,False
5310110,55.55721,-8.156937,0.8827317,56.06663,False,False,False,False,False,5,5,5,5,5,2,False,False,False,False,False,15,False
5310110,55.60335,-8.157136,0.8821465,56.0653,False,False,False,False,False,5,5,5,5,5,2,True,False,False,False,False,15,False
5310110,55.66056,-8.160052,0.8827654,56.06759,False,False,False,False,False,5,5,5,5,5,2,True,False,False,False,False,15,False
5310110,55.7154,-8.140213,0.8816105,56.07498,False,False,False,False,False,5,5,5,5,5,2,False,False,False,False,False,15,False
5310110,55.77157,-8.101325,0.8815659,56.09353,False,False,False,False,False,5,5,5,5,5,2,False,False,False,False,False,15,False
5310110,55.82502,-8.028216,0.8822639,56.12297,False,False,False,False,False,5,5,5,5,5,2,False,False,False,False,False,15,False
5310110,55.87109,-7.937092,0.8812358,56.15519,False,False,False,False,False,5,5,5,5,5,2,False,False,False,False,False,15,False
5310110,55.91565,-7.866801,0.8803735,56.17336,False,False,False,False,False,5,5,5,5,5,2,False,False,False,False,False,15,False
5310110,55.96294,-7.803443,0.8802776,56.19659,False,False,False,False,False,5,5,5,5,5,2,False,False,False,False,False,15,False
5310110,56.01052,-7.761082,0.8814071,56.21505,False,False,False,False,False,5,5,5,5,5,2,False,False,False,False,False,15,False
5310110,56.06887,-7.738012,0.8821465,56.2185,False,False,False,False,False,5,5,5,5,5,2,False,False,False,False,False,15,False
5310110,56.11911,-7.69159,0.8791905,56.22688,False,False,False,False,False,5,5,5,5,5,2,False,False,False,False,False,15,False
5310110,56.16342,-7.655731,0.8805065,56.23602,False,False,False,False,False,5,5,5,5,5,2,False,False,False,False,False,15,False
5310110,56.20971,-7.619986,0.8813859,56.24487,False,False,False,False,False,5,5,5,5,5,2,False,False,False,False,False,15,False
5310110,56.25653,-7.572422,0.882329,56.2568,False,False,False,False,False,5,5,5,5,5,2,False,False,False,False,False,15,False
5310110,56.30316,-7.564574,0.8826019,56.25877,False,False,False,False,False,5,5,5,5,5,2,False,False,False,False,False,15,False
5310110,56.35142,-7.582238,0.8827369,56.25433,False,False,False,False,False,5,5,5,5,5,2,True,False,False,False,False,15,False
5310110,56.40212,-7.5899,0.8824497,56.25241,False,False,False,False,False,5,5,5,5,5,2,True,False,False,False,False,15,False
5310110,56.45076,-7.565497,0.8813368,56.26134,False,False,False,False,False,5,5,5,5,5,2,False,False,False,False,False,15,False
5310110,56.50241,-7.548646,0.8815916,56.27322,False,False,False,False,False,5,5,5,5,5,2,False,False,False,False,False,15,False
5310110,56.55485,-7.540799,0.8824089,56.28392,False,False,False,False,False,5,5,5,5,5,2,False,False,False,False,False,15,False
5310110,56.6062,-7.543246,0.8825746,56.29093,False,False,False,False,False,5,5,5,5,5,2,True,False,False,False,False,15,False
5310110,56.65108,-7.553553,0.8823647,56.29187,False,False,False,False,False,5,5,5,5,5,2,True,False,False,False,False,15,False
5310110,56.7101,-7.572186,0.8812174,56.28999,False,False,False,False,False,5,5,5,5,5,2,True,False,False,False,False,15,False
5310110,56.75651,-7.578564,0.8826821,56.29257,False,False,False,False,False,5,5,5,5,5,2,True,False,False,False,False,15,False
5310110,56.81011,-7.550628,0.8812705,56.32292,True,False,False,False,False,4.97109842300415,5,5,5,5,2,False,False,False,False,False,15,False
5310110,56.86076,-7.493979,0.8799412,56.36814,True,False,False,False,False,4.95097208023071,5,5,5,5,2,False,False,False,False,False,15,False
5310110,56.9148,-7.436195,0.8820811,56.40103,False,False,False,False,False,5,5,5,5,5,2,False,False,False,False,False,15,False
5310110,56.96287,-7.40961,0.8826009,56.41319,False,False,False,False,False,5,5,5,5,5,2,False,False,False,False,False,15,False
5310110,57.01004,-7.394014,0.8810748,56.42209,False,False,False,False,False,5,5,5,5,5,2,False,False,False,False,False,15,False
5310110,57.05687,-7.328979,0.880259,56.46573,False,False,False,False,False,5,5,5,5,5,2,False,False,False,False,False,15,False
5310110,57.10341,-7.255596,0.8803331,56.52717,False,False,False,False,False,5,5,5,5,5,2,False,False,False,False,False,15,False
5310110,57.15008,-7.195373,0.8814406,56.59029,True,False,False,False,False,4.80109214782715,5,5,5,5,2,False,False,False,False,False,15,False
5310110,57.19873,-7.152452,0.882682,56.63894,True,False,False,False,False,4.6478705406189,5,5,5,5,2,False,False,False,False,False,15,False
5310110,57.24619,-7.131222,0.8824198,56.67466,True,False,False,False,False,4.53369379043579,5,5,5,5,2,False,False,False,False,False,15,False
5310110,57.30679,-7.127752,0.8806176,56.69183,True,False,False,False,False,4.47907543182373,5,5,5,5,2,False,False,False,False,False,15,False
5310110,57.3551,-7.122707,0.8817093,56.70127,True,False,False,False,False,4.46658897399902,5,5,5,5,2,False,False,False,False,False,15,False
5310110,57.40295,-7.117809,0.8821824,56.70816,True,False,False,False,False,4.45980501174927,5,5,5,5,2,False,False,False,False,False,15,False
5310110,57.44884,-7.126277,0.8827696,56.69827,True,False,False,False,False,4.46812343597412,5,5,5,5,2,True,False,False,False,False,15,False
5310110,57.49552,-7.128885,0.8827257,56.69669,True,False,False,False,False,4.46990299224854,5,5,5,5,2,True,False,False,False,False,15,False
5310110,57.54314,-7.134097,0.8827561,56.68996,True,False,False,False,False,4.47678327560425,5,5,5,5,2,True,False,False,False,False,15,False
5310110,57.5908,-7.144095,0.8827536,56.67348,True,False,False,False,False,4.49277925491333,5,5,5,5,2,True,False,False,False,False,15,False
5310110,57.63792,-7.145875,0.8814799,56.6633,True,False,False,False,False,4.51223468780518,5,5,5,5,2,True,False,False,False,False,15,False
5310110,57.68381,-7.127771,0.8816726,56.68104,True,False,False,False,False,4.51330995559692,5,5,5,5,2,False,False,False,False,False,15,False
5310110,57.73309,-7.06342,0.881676,56.75566,True,False,False,False,False,4.44090938568115,5,5,5,5,2,False,False,False,False,False,15,False
5310110,57.78523,-6.948358,0.8821698,56.89151,True,False,False,False,False,4.30280542373657,5,5,5,5,2,False,False,False,False,False,15,False
5310110,57.83406,-6.820046,0.8806723,57.04282,True,False,False,False,False,4.14901542663574,5,5,5,5,2,False,False,False,False,False,15,False
5310110,57.88532,-6.683058,0.8804328,57.17666,True,False,False,False,False,4.02955341339111,5,5,5,5,2,False,False,False,False,False,15,False
5310110,57.93671,-6.557858,0.8824697,57.29364,True,False,False,False,False,3.93743276596069,5,5,5,5,2,False,False,False,False,False,15,False
5310110,57.9929,-6.399313,0.8807077,57.45541,True,False,False,False,False,3.77138018608093,5,5,5,5,2,False,False,False,False,False,15,False
5310110,58.04049,-6.24965,0.8794759,57.6082,True,True,False,False,False,3.61365604400635,4.86618423461914,5,5,5,2,False,False,False,False,False,15,False
5310110,58.0876,-6.105731,0.8808887,57.74029,True,True,False,False,False,3.48724579811096,4.74015712738037,5,5,5,2,False,False,False,False,False,15,False
5310110,58.14764,-5.938292,0.8818047,57.88882,True,True,False,False,False,3.34639453887939,4.60385608673096,5,5,5,2,False,False,False,False,False,15,False
5310110,58.2093,-5.754927,0.8812249,58.06355,True,True,True,False,False,3.1643922328949,4.35137176513672,4.81855154037476,5,5,2,False,False,False,False,False,15,False
5310110,58.26648,-5.573121,0.8820102,58.26899,True,True,True,True,False,2.93164825439453,3.94172215461731,4.39253711700439,4.82506847381592,5,2,False,False,False,False,False,15,False
5310110,58.31919,-5.432625,0.8797868,58.46513,True,True,True,True,False,2.70020365715027,3.43173122406006,3.82741022109985,4.19831132888794,5,2,False,False,False,False,False,15,False
5310110,58.36794,-5.278106,0.8807894,58.67377,True,True,True,True,False,2.48480296134949,3.03856801986694,3.38517999649048,3.72495031356812,5,2,False,False,False,False,False,15,False
5310110,58.41953,-5.084939,0.8832772,58.94228,True,True,True,True,False,2.21634078025818,2.68223738670349,3.01643943786621,3.34757661819458,5,2,False,False,False,False,False,15,False
5310110,58.46798,-4.928349,0.8817993,59.22172,True,True,True,True,True,1.9414496421814,2.30477213859558,2.61539840698242,2.92602896690369,4.88896989822388,2,False,False,False,False,False,15,False
5310110,58.51599,-4.779339,0.8802262,59.48867,True,True,True,True,True,1.68356800079346,1.96274471282959,2.24403262138367,2.53002142906189,4.12021350860596,2,False,False,False,False,False,15,False
5310110,58.5628,-4.632747,0.8799601,59.73424,True,True,True,True,True,1.43841159343719,1.6755827665329,1.95603561401367,2.24110913276672,3.66073250770569,2,False,False,False,False,False,15,False
5310110,58.61825,-4.448391,0.8829535,60.00135,True,True,True,True,True,1.16466665267944,1.37498617172241,1.66909217834473,1.96948051452637,3.29499125480652,2,False,False,False,False,False,15,False
5310110,58.67463,-4.297858,0.8803352,60.27696,True,True,True,True,True,0.887810230255127,1.0503261089325,1.34725475311279,1.65005397796631,2.79344916343689,2,False,False,False,False,False,15,False
5310110,58.74594,-4.076475,0.8820524,60.57894,True,True,True,True,True,0.57755970954895,0.687795042991638,1.01079535484314,1.33379590511322,2.338871717453,2,False,False,False,False,False,15,False
5310110,58.79377,-3.928969,0.8805647,60.76506,True,True,True,True,True,0.380996108055115,0.460504740476608,0.811211585998535,1.16191399097443,2.12904119491577,2,False,False,False,False,False,15,False
5310110,58.84319,-3.847412,0.8863755,60.73407,True,True,True,True,True,0.401558101177216,0.498273253440857,0.889390230178833,1.27113354206085,2.46065449714661,2,False,False,False,False,False,15,False
5310110,58.8951,-3.772314,0.8825309,60.73448,True,True,True,True,False,0.371712923049927,0.64378023147583,1.47568535804749,2.25885939598084,5,2,False,False,False,False,False,15,False
5310110,58.94754,-3.698888,0.8821911,60.73177,True,True,True,False,False,0.51366263628006,1.71885681152344,3.64617371559143,5,5,2,False,False,False,False,False,15,False
5310110,58.99747,-3.630603,0.8798619,60.72949,True,False,False,False,False,0.951688766479492,5,5,5,5,2,False,False,False,False,False,15,False
5310110,59.04588,-3.564622,0.8809891,60.72776,True,False,False,False,False,2.2546079158783,5,5,5,5,2,False,False,False,False,False,15,False
5310110,59.09237,-3.502177,0.8820546,60.72591,False,False,False,False,False,5,5,5,5,5,2,False,False,False,False,False,15,False
5310110,59.14251,-3.437099,0.8853353,60.69738,False,False,False,False,False,5,5,5,5,5,2,False,False,False,False,False,15,False
5310110,59.19541,-3.365213,0.8952815,60.65434,False,False,False,False,False,5,5,5,5,5,2,False,False,False,False,False,15,False
5310110,59.24527,-3.298296,0.889527,60.61029,False,False,False,False,False,5,5,5,5,5,2,False,False,False,False,False,15,False
5310110,59.29448,-3.228522,0.8840347,60.57881,False,False,False,False,False,5,5,5,5,5,2,False,False,False,False,False,15,False
5310110,59.34552,-3.172063,0.8929837,60.55028,False,False,False,False,False,5,5,5,5,5,2,False,False,False,False,False,15,False
5310110,59.4116,-3.080031,0.8892226,60.45888,False,False,False,False,False,5,5,5,5,5,2,False,False,False,False,False,15,False
5310110,59.46427,-3.00098,0.8826828,60.34154,False,False,False,False,False,5,5,5,5,5,2,False,False,False,False,False,15,False
5310110,59.51115,-2.941042,0.8831226,60.24367,False,False,False,False,False,5,5,5,5,5,2,False,False,False,False,False,15,False
5310110,59.55882,-2.861121,0.8819802,60.12307,False,False,False,False,False,5,5,5,5,5,2,False,False,False,False,False,15,False
5310110,59.61305,-2.747179,0.8822141,59.98176,False,False,False,False,False,5,5,5,5,5,2,False,False,False,False,False,15,False
5310110,59.66201,-2.668343,0.8821666,59.85279,False,False,False,False,False,5,5,5,5,5,2,False,False,False,False,False,15,False
5310110,59.70968,-2.599668,0.882145,59.73579,False,False,False,False,False,5,5,5,5,5,2,False,False,False,False,False,15,False
5310110,59.75865,-2.520873,0.8821481,59.63291,False,False,False,False,False,5,5,5,5,5,2,False,False,False,False,False,15,False
5310110,59.80604,-2.430126,0.8822404,59.49385,False,False,False,False,False,5,5,5,5,5,2,False,False,False,False,False,15,False
5310110,59.85411,-2.309294,0.882328,59.30021,False,False,False,False,False,5,5,5,5,5,2,False,False,False,False,False,15,False
5310110,59.90284,-2.178353,0.8822914,59.08952,False,False,False,False,False,5,5,5,5,5,2,False,False,False,False,False,15,False
5310110,59.95893,-2.018889,0.8824891,58.83275,False,False,False,False,False,5,5,5,5,5,2,False,False,False,False,False,15,False
5310110,60.0079,-1.848315,0.8825277,58.55804,False,False,False,False,False,5,5,5,5,5,2,False,False,False,False,False,15,False
5310110,60.05541,-1.66036,0.8825103,58.2553,False,False,False,False,False,5,5,5,5,5,2,False,False,False,False,False,15,False
5310110,60.10386,-1.492459,0.8824766,57.92339,False,False,False,False,False,5,5,5,5,5,2,False,False,False,False,False,15,False
5310110,60.15278,-1.354772,0.8825846,57.5859,False,False,False,False,True,5,5,5,5,4.89600610733032,2,False,False,False,False,False,15,False
5310110,60.20086,-1.213185,0.8827212,57.23957,False,False,False,False,True,5,5,5,5,4.59354305267334,2,False,False,False,False,False,15,False
5310110,60.24881,-1.051099,0.8826367,56.87844,False,False,False,True,True,5,5,5,4.87751960754395,4.26114463806152,2,False,False,False,False,False,15,False
5310110,60.30533,-0.8641179,0.8825898,56.4368,False,False,True,True,True,5,5,4.75388956069946,4.41138696670532,3.84094333648682,2,False,False,False,False,False,15,False
5310110,60.36216,-0.6557259,0.8828002,55.98327,False,True,True,True,True,5,4.76624965667725,4.36604738235474,4.00304794311523,3.39816761016846,2,False,False,False,False,False,15,False
5310110,60.40993,-0.4734297,0.8826454,55.61833,False,True,True,True,True,5,4.57615661621094,4.13058567047119,3.71951103210449,3.04765176773071,2,False,False,False,False,False,15,False
5310110,60.46907,-0.2311244,0.8825995,55.19473,False,True,True,True,True,5,4.42785596847534,3.89841198921204,3.41315245628357,2.66021728515625,2,False,False,False,False,False,15,False
5310110,60.52165,-0.00036842,0.8827983,54.81499,False,True,True,True,True,5,4.35027551651001,3.72377562522888,3.15881133079529,2.3310706615448,2,False,False,False,False,False,15,False
5310110,60.57117,0.2249604,0.8826463,54.43963,False,True,True,True,True,5,3.95475196838379,3.3156099319458,2.73997950553894,2.00077247619629,2,False,False,False,False,False,15,False
5310110,60.61993,0.44227,0.8824702,54.0821,False,True,True,True,True,5,3.53523254394531,2.8962390422821,2.32073616981506,1.68488526344299,2,False,False,False,False,False,15,False
5310110,60.67398,0.6745963,0.8826857,53.70066,False,True,True,True,True,5,3.08862352371216,2.4497172832489,1.87429261207581,1.35287952423096,2,False,False,False,False,False,15,False
5310110,60.72241,0.8762805,0.882723,53.36957,False,True,True,True,True,5,2.70079159736633,2.06197094917297,1.48661255836487,1.07029855251312,2,False,False,False,False,False,15,False
5310110,60.77038,1.086921,0.8825722,53.06257,False,True,True,True,True,5,2.42247605323792,1.75393509864807,1.15366268157959,0.814271152019501,2,False,False,False,False,False,15,False
5310110,60.81828,1.307118,0.8825015,52.74754,False,True,True,True,True,5,2.12239217758179,1.42483162879944,0.800457835197449,0.550446629524231,2,False,False,False,False,False,15,False
5310110,60.86601,1.504108,0.8828056,52.44881,False,True,True,True,True,5,1.78207468986511,1.07787013053894,0.448006093502045,0.306074231863022,2,False,False,False,False,False,15,False
5310110,60.91831,1.699036,0.9016918,52.41845,False,True,True,True,True,5,3.05157113075256,1.68561208248138,0.622628748416901,0.347743541002274,2,False,False,False,False,False,15,False
5310110,60.97604,1.857602,0.9032807,52.37991,False,False,False,False,True,5,5,5,5,0.64812570810318,2,False,False,False,False,False,15,False
5310110,61.02654,1.981287,0.9018255,52.33931,False,False,False,False,False,5,5,5,5,5,2,False,False,False,False,False,15,False
5310110,61.07564,2.100956,0.8918048,52.31513,False,False,False,False,False,5,5,5,5,5,2,False,False,False,False,False,15,False
5310110,61.1231,2.239662,0.8850791,52.32726,False,False,False,False,False,5,5,5,5,5,2,False,False,False,False,False,15,False
5310110,61.17083,2.380018,0.8843144,52.33579,False,False,False,False,False,5,5,5,5,5,2,False,False,False,False,False,15,False
5310110,61.21652,2.512168,0.8858042,52.34961,False,False,False,False,False,5,5,5,5,5,2,False,False,False,False,False,15,False
5310110,61.2641,2.646325,0.8850129,52.36002,False,False,False,False,False,5,5,5,5,5,2,False,False,False,False,False,15,False
5310110,61.31168,2.776504,0.8818321,52.37502,False,False,False,False,False,5,5,5,5,5,2,False,False,False,False,False,15,False
5310110,61.36434,2.921226,0.8807583,52.38746,False,False,False,False,False,5,5,5,5,5,2,False,False,False,False,False,15,False
5310110,61.41739,3.067477,0.8828482,52.39833,False,False,False,False,False,5,5,5,5,5,2,False,False,False,False,False,15,False
5310110,61.46914,3.152176,0.8815171,52.4477,False,False,False,False,False,5,5,5,5,5,2,False,False,False,False,False,15,False
5310110,61.52763,3.197129,0.8809615,52.495,False,False,False,False,False,5,5,5,5,5,2,False,False,False,False,False,15,False
5310110,61.58497,3.241022,0.8821265,52.55362,False,False,False,False,False,5,5,5,5,5,2,False,False,False,False,False,15,False
5310110,61.64202,3.304217,0.8802092,52.63963,False,False,False,False,False,5,5,5,5,5,2,False,False,False,False,False,15,False
5310110,61.69376,3.330323,0.8818903,52.67512,False,False,False,False,False,5,5,5,5,5,2,False,False,False,False,False,15,False
5310110,61.75,3.33725,0.8812646,52.69197,False,False,False,False,False,5,5,5,5,5,2,False,False,False,False,False,15,False
5310110,61.80796,3.325368,0.8827326,52.67912,False,False,False,False,False,5,5,5,5,5,2,True,False,False,False,False,15,False
5310110,61.86504,3.3091,0.8827494,52.65569,False,False,False,False,False,5,5,5,5,5,2,True,False,False,False,False,15,False
5310110,61.91545,3.309492,0.8818049,52.6638,False,False,False,False,False,5,5,5,5,5,2,False,False,False,False,False,15,False
5310110,61.96516,3.313188,0.8819306,52.67129,False,False,False,False,False,5,5,5,5,5,2,False,False,False,False,False,15,False
5310110,62.0166,3.303492,0.8827372,52.65267,False,False,False,False,False,5,5,5,5,5,2,True,False,False,False,False,15,False
5310110,62.06693,3.292267,0.8827509,52.63385,False,False,False,False,False,5,5,5,5,5,2,True,False,False,False,False,15,False
5310110,62.11721,3.279842,0.8827369,52.61504,False,False,False,False,False,5,5,5,5,5,2,True,False,False,False,False,15,False
5310110,62.16703,3.261585,0.882696,52.57271,False,False,False,False,False,5,5,5,5,5,2,True,False,False,False,False,15,False
5310110,62.21894,3.246686,0.8827482,52.53674,False,False,False,False,False,5,5,5,5,5,2,True,False,False,False,False,15,False
5310110,62.27411,3.255745,0.8815789,52.55714,False,False,False,False,False,5,5,5,5,5,2,False,False,False,False,False,15,False
5310110,62.32203,3.276067,0.8800828,52.59367,False,False,False,False,False,5,5,5,5,5,2,False,False,False,False,False,15,False
5310110,62.37144,3.289342,0.8816439,52.61021,False,False,False,False,False,5,5,5,5,5,2,False,False,False,False,False,15,False
5310110,62.42897,3.282079,0.8825443,52.59422,False,False,False,False,False,5,5,5,5,5,2,True,False,False,False,False,15,False
5310110,62.47782,3.269779,0.8818817,52.57405,False,False,False,False,False,5,5,5,5,5,2,True,False,False,False,False,15,False
5310110,62.52835,3.282141,0.8819362,52.59818,False,False,False,False,False,5,5,5,5,5,2,False,False,False,False,False,15,False
5310110,62.58118,3.326277,0.8827984,52.69706,False,False,False,False,False,5,5,5,5,5,2,False,False,False,False,False,15,False
5310110,62.64108,3.410678,0.8799196,52.85424,False,False,False,False,False,5,5,5,5,5,2,False,False,False,False,False,15,False
5310110,62.68973,3.474691,0.8812157,52.97095,False,False,False,False,False,5,5,5,5,5,2,False,False,False,False,False,15,False
5310110,62.73853,3.520714,0.8827499,53.08571,False,False,False,False,False,5,5,5,5,5,2,False,False,False,False,False,15,False
5310110,62.79047,3.558295,0.8813074,53.20026,False,False,False,False,False,5,5,5,5,5,2,False,False,False,False,False,15,False
5310110,62.83974,3.585369,0.879979,53.28387,False,False,False,False,False,5,5,5,5,5,2,False,False,False,False,False,15,False
5310110,62.89082,3.59984,0.8814511,53.32248,False,False,False,False,False,5,5,5,5,5,2,False,False,False,False,False,15,False
5310110,62.94559,3.602106,0.8824094,53.33705,False,False,False,False,False,5,5,5,5,5,2,False,False,False,False,False,15,False
5310110,62.99691,3.611809,0.8801,53.37807,False,False,False,False,False,5,5,5,5,5,2,False,False,False,False,False,15,False
5310110,63.04567,3.621038,0.8806692,53.43843,False,False,False,False,False,5,5,5,5,5,2,False,False,False,False,False,15,False
5310110,63.10043,3.622795,0.882743,53.47609,False,False,False,False,False,5,5,5,5,5,2,False,False,False,False,False,15,False
5310110,63.15488,3.61923,0.8827457,53.46108,False,False,False,False,False,5,5,5,5,5,2,True,False,False,False,False,15,False
5310110,63.22757,3.618064,0.8822222,53.43765,False,False,False,False,False,5,5,5,5,5,2,True,False,False,False,False,15,False
5310110,63.27691,3.61537,0.8820463,53.41567,False,False,False,False,False,5,5,5,5,5,2,True,False,False,False,False,15,False
5310110,63.33736,3.621991,0.8826776,53.42838,False,False,False,False,False,5,5,5,5,5,2,False,False,False,False,False,15,False
5310110,63.38821,3.650647,0.8816613,53.51614,False,False,False,False,False,5,5,5,5,5,2,False,False,False,False,False,15,False
5310110,63.43715,3.679691,0.8803198,53.63529,False,False,False,False,False,5,5,5,5,5,2,False,False,False,False,False,15,False
5310110,63.48552,3.716509,0.8806844,53.73935,False,False,False,False,False,5,5,5,5,5,2,False,False,False,False,False,15,False
5310110,63.53309,3.747225,0.8818229,53.82027,False,False,False,False,False,5,5,5,5,5,2,False,False,False,False,False,15,False
5310110,63.58082,3.761099,0.8827215,53.86347,False,False,False,False,False,5,5,5,5,5,2,False,False,False,False,False,15,False
5310110,63.62968,3.762435,0.8821015,53.87304,False,False,False,False,False,5,5,5,5,5,2,False,False,False,False,False,15,False
5310110,63.67688,3.761731,0.8812554,53.87725,False,False,False,False,False,5,5,5,5,5,2,True,False,False,False,False,15,False
5310110,63.72432,3.763237,0.8822718,53.87846,False,False,False,False,False,5,5,5,5,5,2,False,False,False,False,False,15,False
5310110,63.77202,3.758255,0.8815066,53.88002,False,False,False,False,False,5,5,5,5,5,2,True,False,False,False,False,15,False
5310110,63.82143,3.760166,0.8826445,53.91069,False,False,False,False,False,5,5,5,5,5,2,False,False,False,False,False,15,False
5310110,63.87106,3.777277,0.8811883,54.01318,False,False,False,False,False,5,5,5,5,5,2,False,False,False,False,False,15,False
5310110,63.9207,3.787668,0.8799585,54.1446,False,False,False,False,False,5,5,5,5,5,2,False,False,False,False,False,15,False
5310110,63.9713,3.783175,0.8816082,54.26854,False,False,False,False,False,5,5,5,5,5,2,True,False,False,False,False,15,False
5310110,64.02238,3.767454,0.8825898,54.38238,False,False,False,False,False,5,5,5,5,5,2,True,False,False,False,False,15,False
5310110,64.07719,3.739962,0.8803828,54.49014,False,False,False,False,False,5,5,5,5,5,2,True,False,False,False,False,15,False
5310110,64.12693,3.7253,0.8809998,54.57751,False,False,False,False,False,5,5,5,5,5,2,True,False,False,False,False,15,False
5310110,64.17886,3.71586,0.882724,54.65849,False,False,False,False,False,5,5,5,5,5,2,True,False,False,False,False,15,False
5310110,64.22916,3.689382,0.881482,54.78116,False,False,False,False,False,5,5,5,5,5,2,True,False,False,False,False,15,False
5310110,64.27893,3.645232,0.8796802,54.96752,False,False,False,False,True,5,5,5,5,4.9065146446228,2,True,False,False,False,False,15,False
5310110,64.328,3.586855,0.8807129,55.21322,False,False,False,False,True,5,5,5,5,4.69424676895142,2,True,False,False,False,False,15,False
5310110,64.37946,3.49967,0.8831565,55.49118,False,False,False,False,True,5,5,5,5,4.46023178100586,2,True,False,False,False,False,15,False
5310110,64.43563,3.400086,0.8802963,55.83676,False,False,False,True,True,5,5,5,4.86397075653076,4.16728448867798,2,True,False,False,False,False,15,False
5310110,64.48619,3.341089,0.8807287,56.17123,False,True,True,True,True,5,4.92789936065674,4.69851446151733,4.44524335861206,3.87233185768127,2,True,False,False,False,False,15,False
5310110,64.53618,3.312061,0.8826268,56.49519,False,True,True,True,True,5,4.38864707946777,4.18895244598389,3.979811668396,3.60007071495056,2,True,False,False,False,False,15,False
5310110,64.5966,3.245204,0.8800511,56.86422,False,True,True,True,True,5,3.87129878997803,3.70554852485657,3.53980112075806,3.31941342353821,2,True,False,False,False,False,15,False
5310110,64.65786,3.249646,0.8828822,57.22277,True,True,True,True,True,4.34307670593262,3.36181330680847,3.24639439582825,3.11528158187866,3.05871057510376,2,False,False,False,False,False,15,False
5310110,64.71313,3.243815,0.8806305,57.53036,True,True,True,True,True,3.71933078765869,2.9791431427002,2.89905166625977,2.79478025436401,2.8412709236145,2,True,False,False,False,False,15,False
5310110,64.76281,3.235568,0.8797737,57.79424,True,True,True,True,True,3.36677026748657,2.71173858642578,2.63715982437134,2.53847241401672,2.59881830215454,2,True,False,False,False,False,15,False
5310110,64.81385,3.224495,0.8819622,58.05289,True,True,True,True,True,3.17963004112244,2.49973440170288,2.4045786857605,2.29097723960876,2.30531215667725,2,True,False,False,False,False,15,False
5310110,64.86388,3.199842,0.8825048,58.29437,True,True,True,True,True,3.16961884498596,2.36317586898804,2.22171187400818,2.07363057136536,2.00606369972229,2,True,False,False,False,False,15,False
5310110,64.91432,3.155017,0.8806955,58.5238,True,True,True,True,True,3.24541187286377,2.2753963470459,2.07782053947449,1.88025319576263,1.72829651832581,2,True,False,False,False,False,15,False
5310110,64.96413,3.112136,0.8803505,58.73308,True,True,True,True,True,3.2566704750061,2.16597247123718,1.93499219417572,1.69563126564026,1.50706601142883,2,True,False,False,False,False,15,False
5310110,65.01614,3.063179,0.882472,58.96292,True,True,True,True,True,3.00327324867249,1.96058559417725,1.71971619129181,1.46781373023987,1.2934650182724,2,True,False,False,False,False,15,False
5310110,65.07392,3.029675,0.8805941,59.24236,True,True,True,True,True,2.41245579719543,1.61585736274719,1.39392495155334,1.16697442531586,1.05078840255737,2,True,False,False,False,False,15,False
5310110,65.13488,2.98333,0.8822545,59.57882,True,True,True,True,True,1.8082367181778,1.2377450466156,1.03093016147614,0.822446763515472,0.754230201244354,2,True,False,False,False,False,15,False
5310110,65.18659,2.953415,0.8832961,59.85717,True,True,True,True,True,1.36230540275574,0.944443345069885,0.745210826396942,0.545798778533936,0.506628334522247,2,True,False,False,False,False,15,False
5310110,65.23915,2.896675,0.9632611,59.84867,False,False,False,False,False,5,5,5,5,5,2,True,False,False,False,False,15,False
5310110,65.28762,2.850173,1.00747,59.82123,False,False,False,False,False,5,5,5,5,5,2,True,False,False,False,False,15,False
5310110,65.33852,2.804565,1.042674,59.8,False,False,False,False,False,5,5,5,5,5,2,True,False,False,False,False,15,False
5310110,65.39014,2.760306,1.048138,59.77835,False,False,False,False,False,5,5,5,5,5,2,True,False,False,False,False,15,False
5310110,65.45677,2.705511,1.014372,59.75121,False,False,False,False,False,5,5,5,5,5,2,True,False,False,False,False,15,False
5310110,65.50843,2.660685,0.9648163,59.73205,False,False,False,False,False,5,5,5,5,5,2,True,False,False,False,False,15,False
5310110,65.561,2.613103,0.9694105,59.72906,False,False,False,False,False,5,5,5,5,5,2,True,False,False,False,False,15,False
5310110,65.61132,2.573441,0.962477,59.73136,False,False,False,False,False,5,5,5,5,5,2,True,False,False,False,False,15,False
5310110,65.66254,2.536355,0.9462864,59.74115,False,False,False,False,False,5,5,5,5,5,2,True,False,False,False,False,15,False
5310110,65.71492,2.501845,0.9203117,59.76032,False,False,False,False,False,5,5,5,5,5,2,True,False,False,False,False,15,False
5310110,65.76815,2.482322,0.8865365,59.78265,False,False,False,False,False,5,5,5,5,5,2,True,False,False,False,False,15,False
5310110,65.81898,2.470746,0.8967465,59.79349,False,False,False,False,False,5,5,5,5,5,2,True,False,False,False,False,15,False
5310110,65.87009,2.467927,0.9045902,59.77737,False,False,False,False,False,5,5,5,5,5,2,True,False,False,False,False,15,False
5310110,65.92195,2.471089,0.902826,59.76176,False,False,False,False,False,5,5,5,5,5,2,False,False,False,False,False,15,False
5310110,65.97392,2.482603,0.8943185,59.75284,False,False,False,False,False,5,5,5,5,5,2,False,False,False,False,False,15,False
5310110,66.02579,2.492954,0.8920242,59.74595,False,False,False,False,False,5,5,5,5,5,2,False,False,False,False,False,15,False
5310110,66.07816,2.500848,0.8897066,59.74057,False,False,False,False,False,5,5,5,5,5,2,False,False,False,False,False,15,False
5310110,66.1302,2.498791,0.887389,59.72681,False,False,False,False,False,5,5,5,5,5,2,True,False,False,False,False,15,False
5310110,66.18448,2.488651,0.8823795,59.7187,False,False,False,False,False,5,5,5,5,5,2,True,False,False,False,False,15,False
5310110,66.23679,2.493889,0.8843265,59.72004,False,False,False,False,False,5,5,5,5,5,2,False,False,False,False,False,15,False
5310110,66.29576,2.473381,0.8814178,59.68638,False,False,False,False,False,5,5,5,5,5,2,True,False,False,False,False,15,False
5310110,66.35473,2.440568,0.8820802,59.61768,False,False,False,False,False,5,5,5,5,5,2,True,False,False,False,False,15,False
5310110,66.40805,2.425184,0.8817141,59.56343,False,False,False,False,False,5,5,5,5,5,2,True,False,False,False,False,15,False
5310110,66.45982,2.41948,0.8814858,59.52104,False,False,False,False,False,5,5,5,5,5,2,True,False,False,False,False,15,False
5310110,66.51254,2.413867,0.8815271,59.492,False,False,False,False,False,5,5,5,5,5,2,True,False,False,False,False,15,False
5310110,66.56494,2.411401,0.8820512,59.48247,False,False,False,False,False,5,5,5,5,5,2,True,False,False,False,False,15,False
5310110,66.62836,2.410479,0.8824477,59.48222,False,False,False,False,False,5,5,5,5,5,2,True,False,False,False,False,15,False
5310110,66.68159,2.413351,0.8827574,59.48948,False,False,False,False,False,5,5,5,5,5,2,False,False,False,False,False,15,False
5310110,66.73498,2.414117,0.882809,59.49221,False,False,False,False,False,5,5,5,5,5,2,False,False,False,False,False,15,False
5310110,66.79355,2.416342,0.880897,59.48119,False,False,False,False,False,5,5,5,5,5,2,False,False,False,False,False,15,False
5310110,66.8454,2.410705,0.8807563,59.43284,False,False,False,False,False,5,5,5,5,5,2,True,False,False,False,False,15,False
5310110,66.90385,2.385561,0.882387,59.28564,False,False,False,False,False,5,5,5,5,5,2,True,False,False,False,False,15,False
5310110,66.95657,2.349586,0.8801659,59.07278,False,False,False,False,False,5,5,5,5,5,2,True,False,False,False,False,15,False
5310110,67.00871,2.287905,0.8810047,58.84804,False,False,False,False,False,5,5,5,5,5,2,True,False,False,False,False,15,False
5310110,67.06109,2.242601,0.8829237,58.63161,False,False,False,False,False,5,5,5,5,5,2,True,False,False,False,False,15,False
5310110,67.1136,2.218523,0.880872,58.4235,False,False,False,False,False,5,5,5,5,5,2,True,False,False,False,False,15,False
5310110,67.16719,2.174399,0.8807956,58.17775,False,False,False,False,False,5,5,5,5,5,2,True,False,False,False,False,15,False
5310110,67.22197,2.115501,0.8828434,57.89564,False,False,False,False,False,5,5,5,5,5,2,True,False,False,False,False,15,False
5310110,67.27471,2.06177,0.8805293,57.63889,False,False,False,False,False,5,5,5,5,5,2,True,False,False,False,False,15,False
5310110,67.32684,2.033687,0.8807038,57.3943,False,False,False,False,False,5,5,5,5,5,2,True,False,False,False,False,15,False
5310110,67.37841,2.0047,0.8829275,57.13129,False,False,False,False,False,5,5,5,5,5,2,True,False,False,False,False,15,False
5310110,67.43307,1.937564,0.8806622,56.84397,False,False,True,True,False,5,5,4.9806342124939,4.93242454528809,5,2,True,False,False,False,False,15,False
5310110,67.48547,1.856866,0.8803304,56.58519,False,True,True,True,False,5,4.70334625244141,4.68659257888794,4.67957973480225,5,2,True,False,False,False,False,15,False
5310110,67.53865,1.756576,0.8829491,56.34173,False,True,True,True,False,5,4.39908599853516,4.44704532623291,4.51590156555176,5,2,True,False,False,False,False,15,False
5310110,67.59048,1.646002,0.881195,56.06845,True,True,True,True,False,4.47437238693237,4.10830593109131,4.20492601394653,4.31118059158325,5,2,True,False,False,False,False,15,False
5310110,67.64378,1.539697,0.8801257,55.76013,True,True,True,True,False,4.0718936920166,3.78153252601624,3.88677310943604,4.00180816650391,5,2,True,False,False,False,False,15,False
5310110,67.69559,1.425455,0.8824861,55.45067,True,True,True,True,False,3.72125625610352,3.44803047180176,3.54763317108154,3.65695142745972,5,2,True,False,False,False,False,15,False
5310110,67.74783,1.319996,0.88183,55.12036,True,True,True,True,True,3.41050219535828,3.09772205352783,3.17329072952271,3.26292514801025,4.44140243530273,2,True,False,False,False,False,15,False
5310110,67.79939,1.244985,0.8795468,54.79802,True,True,True,True,True,3.24406218528748,2.78409194946289,2.80701351165771,2.84889435768127,3.58493542671204,2,True,False,False,False,False,15,False
5310110,67.85119,1.201266,0.8815669,54.48059,True,True,True,True,True,3.17374634742737,2.5244767665863,2.48966765403748,2.46463584899902,2.86516571044922,2,True,False,False,False,False,15,False
5310110,67.90347,1.189908,0.8825803,54.16897,True,True,True,True,True,3.16645526885986,2.31388878822327,2.21143579483032,2.13002896308899,2.30177164077759,2,True,False,False,False,False,15,False
5310110,67.96288,1.216407,0.8798506,53.8301,True,True,True,True,True,3.27964568138123,2.12272715568542,1.95281779766083,1.79728376865387,1.80030751228333,2,False,False,False,False,False,15,False
5310110,68.01288,1.267419,0.8818082,53.56059,True,True,True,True,True,3.54260802268982,2.01391506195068,1.77195739746094,1.54747772216797,1.4547039270401,2,False,False,False,False,False,15,False
5310110,68.07391,1.341784,0.8805912,53.19439,True,True,True,True,True,3.59993171691895,1.78160297870636,1.47701048851013,1.19884443283081,1.07205951213837,2,False,False,False,False,False,15,False
5310110,68.12524,1.445584,0.8804743,52.87463,True,True,True,True,True,3.82442855834961,1.58420550823212,1.22209501266479,0.893525898456573,0.76039183139801,2,False,False,False,False,False,15,False
5310110,68.1753,1.559463,0.8823972,52.58005,False,True,True,True,True,5,1.42929422855377,0.997693538665771,0.600848078727722,0.480199307203293,2,False,False,False,False,False,15,False
5310110,68.22575,1.638247,0.8824565,52.46796,False,True,True,True,True,5,1.49445068836212,0.97483092546463,0.50050276517868,0.379982441663742,2,False,False,False,False,False,15,False
5310110,68.2896,1.750968,0.881474,52.41388,False,False,True,True,True,5,5,2.58234691619873,0.835444271564484,0.374393492937088,2,False,False,False,False,False,15,False
5310110,68.36523,1.876675,0.8819776,52.3519,False,False,False,False,True,5,5,5,5,0.910935044288635,2,False,False,False,False,False,15,False
5310110,68.41803,1.966256,0.8794491,52.31863,False,False,False,False,False,5,5,5,5,5,2,False,False,False,False,False,15,False
5310110,68.4716,2.075827,0.882317,52.3486,False,False,False,False,False,5,5,5,5,5,2,False,False,False,False,False,15,False
5310110,68.542,2.212779,0.8952051,52.37182,False,False,False,False,False,5,5,5,5,5,2,False,False,False,False,False,15,False
5310110,68.59785,2.327462,0.8847212,52.39943,False,False,False,False,False,5,5,5,5,5,2,False,False,False,False,False,15,False
5310110,68.65266,2.443101,0.8880159,52.41618,False,False,False,False,False,5,5,5,5,5,2,False,False,False,False,False,15,False
5310110,68.70415,2.54561,0.8879331,52.42467,False,False,False,False,False,5,5,5,5,5,2,False,False,False,False,False,15,False
5310110,68.75479,2.608589,0.8869205,52.44527,False,False,False,False,False,5,5,5,5,5,2,False,False,False,False,False,15,False
5310110,68.80794,2.668813,0.8824331,52.51067,False,False,False,False,False,5,5,5,5,5,2,False,False,False,False,False,15,False
5310110,68.85912,2.747476,0.8839999,52.58545,False,False,False,False,False,5,5,5,5,5,2,False,False,False,False,False,15,False
5310110,68.91129,2.855921,0.8809026,52.68848,False,False,False,False,False,5,5,5,5,5,2,False,False,False,False,False,15,False
5310110,68.96275,3.012427,0.8802762,52.84064,False,False,False,False,False,5,5,5,5,5,2,False,False,False,False,False,15,False
5310110,69.01589,3.203009,0.8824134,53.02551,False,False,False,False,False,5,5,5,5,5,2,False,False,False,False,False,15,False
5310110,69.07155,3.372947,0.8811094,53.22728,False,False,False,False,False,5,5,5,5,5,2,False,False,False,False,False,15,False
5310110,69.12552,3.542056,0.880474,53.39962,False,False,False,False,False,5,5,5,5,5,2,False,False,False,False,False,15,False
5310110,69.1765,3.715725,0.8825443,53.57498,False,False,False,False,False,5,5,5,5,5,2,False,False,False,False,False,15,False
5310110,69.22871,3.915057,0.8814963,53.75687,False,False,False,False,False,5,5,5,5,5,2,False,False,False,False,False,15,False
5310110,69.28117,4.105034,0.8795833,53.93078,False,False,False,False,False,5,5,5,5,5,2,False,False,False,False,False,15,False
5310110,69.33133,4.262046,0.8815453,54.10087,False,False,False,False,False,5,5,5,5,5,2,False,False,False,False,False,15,False
5310110,69.3877,4.440742,0.8817387,54.26975,False,False,False,False,False,5,5,5,5,5,2,False,False,False,False,False,15,False
5310110,69.45035,4.665453,0.8812128,54.48285,False,False,False,False,False,5,5,5,5,5,2,False,False,False,False,False,15,False
5310110,69.50633,4.86522,0.8819929,54.72184,True,False,False,False,False,4.81633615493774,5,5,5,5,2,False,False,False,False,False,15,False
5310110,69.5648,5.085928,0.8802996,54.99355,True,True,True,True,False,4.52473640441895,4.61347055435181,4.73233652114868,4.84109926223755,5,2,False,False,False,False,False,15,False
5310110,69.61973,5.340496,0.8833141,55.25344,True,True,True,True,False,4.15854263305664,4.27589893341064,4.40020990371704,4.52162408828735,5,2,False,False,False,False,False,15,False
5310110,69.67097,5.593781,0.8813362,55.52338,True,True,True,True,False,3.79747581481934,3.91456127166748,4.04093170166016,4.16675281524658,5,2,False,False,False,False,False,15,False
5310110,69.72511,5.843071,0.880631,55.84538,True,True,True,True,True,3.43073272705078,3.48158407211304,3.60000395774841,3.71006751060486,4.70105314254761,2,False,False,False,False,False,15,False
5310110,69.77701,6.06754,0.8828313,56.14764,True,True,True,True,True,3.10353779792786,3.08542156219482,3.19143295288086,3.28065085411072,4.09009075164795,2,False,False,False,False,False,15,False
5310110,69.83116,6.268747,0.8812297,56.4682,True,True,True,True,True,2.79062724113464,2.6948344707489,2.78044414520264,2.84137535095215,3.4564356803894,2,False,False,False,False,False,15,False
5310110,69.88615,6.481674,0.8807948,56.81432,True,True,True,True,True,2.44277334213257,2.29311037063599,2.3504273891449,2.39200520515442,2.83286952972412,2,False,False,False,False,False,15,False
5310110,69.94292,6.685821,0.8828907,57.2078,True,True,True,True,True,2.03507828712463,1.86258518695831,1.89533269405365,1.91948449611664,2.22901606559753,2,False,False,False,False,False,15,False
5310110,69.99659,6.852763,0.8803154,57.57628,True,True,True,True,True,1.67654705047607,1.48515641689301,1.48640382289886,1.48623752593994,1.66909801959991,2,False,False,False,False,False,15,False
5310110,70.04884,7.042685,0.8813215,57.90509,True,True,True,True,True,1.2606908082962,1.109410405159,1.1079843044281,1.1039297580719,1.23603177070618,2,False,False,False,False,False,15,False
5310110,70.10097,7.192536,0.8831925,58.23623,True,True,True,True,True,0.854473352432251,0.747215986251831,0.744540512561798,0.739600598812103,0.826949059963226,2,False,False,False,False,False,15,False
5310110,70.1597,7.187296,0.9591556,58.29345,True,True,True,True,True,0.874978601932526,0.746719300746918,0.718189120292664,0.689658463001251,0.750911056995392,2,True,False,False,False,False,15,False
5310110,70.21397,7.16353,1.032045,58.28555,False,False,False,False,False,5,5,5,5,5,2,True,False,False,False,False,15,False
5310110,70.26825,7.141523,1.073936,58.27627,False,False,False,False,False,5,5,5,5,5,2,True,False,False,False,False,15,False
5310110,70.33086,7.118473,1.083861,58.26503,False,False,False,False,False,5,5,5,5,5,2,True,False,False,False,False,15,False
5310110,70.38235,7.101333,1.061807,58.25588,False,False,False,False,False,5,5,5,5,5,2,True,False,False,False,False,15,False
5310110,70.43676,7.084607,1.008779,58.24654,False,False,False,False,False,5,5,5,5,5,2,True,False,False,False,False,15,False
5310110,70.49045,7.076967,0.9477412,58.24408,False,False,False,False,False,5,5,5,5,5,2,True,False,False,False,False,15,False
5310110,70.54091,7.090806,0.9387158,58.24265,False,False,False,False,False,5,5,5,5,5,2,False,False,False,False,False,15,False
5310110,70.59512,7.125749,0.9467371,58.17326,False,False,False,False,False,5,5,5,5,5,2,False,False,False,False,False,15,False
5310110,70.64599,7.173544,0.9506897,58.09885,False,False,False,False,False,5,5,5,5,5,2,False,False,False,False,False,15,False
5310110,70.69905,7.207156,0.9512423,58.07063,False,False,False,False,False,5,5,5,5,5,2,False,False,False,False,False,15,False
5310110,70.76206,7.212597,0.9460559,58.05249,False,False,False,False,False,5,5,5,5,5,2,False,False,False,False,False,15,False
5310110,70.81956,7.194608,0.9374366,58.02723,False,False,False,False,False,5,5,5,5,5,2,True,False,False,False,False,15,False
5310110,70.87238,7.128351,0.9320414,57.97985,False,False,False,False,False,5,5,5,5,5,2,True,False,False,False,False,15,False
5310110,70.92435,7.053472,0.916132,57.9211,False,False,False,False,False,5,5,5,5,5,2,True,False,False,False,False,15,False
5310110,70.97787,6.976921,0.8958167,57.88062,False,False,False,False,False,5,5,5,5,5,2,True,False,False,False,False,15,False
5310110,71.03244,6.912433,0.8852124,57.83994,False,False,False,False,False,5,5,5,5,5,2,True,False,False,False,False,15,False
5310110,71.08671,6.885623,0.8986207,57.81475,False,False,False,False,False,5,5,5,5,5,2,True,False,False,False,False,15,False
5310110,71.14092,6.881006,0.9014962,57.81906,False,False,False,False,False,5,5,5,5,5,2,True,False,False,False,False,15,False
5310110,71.19476,6.888934,0.8986853,57.82621,False,False,False,False,False,5,5,5,5,5,2,False,False,False,False,False,15,False
5310110,71.24793,6.891609,0.8886375,57.8073,False,False,False,False,False,5,5,5,5,5,2,False,False,False,False,False,15,False
5310110,71.30305,6.879572,0.8856472,57.75589,False,False,False,False,False,5,5,5,5,5,2,True,False,False,False,False,15,False
5310110,71.36318,6.838501,0.8839036,57.67984,False,False,False,False,False,5,5,5,5,5,2,True,False,False,False,False,15,False
5310110,71.41956,6.770108,0.8829096,57.56218,False,False,False,False,False,5,5,5,5,5,2,True,False,False,False,False,15,False
5310110,71.4733,6.681032,0.8809376,57.40386,False,False,False,False,False,5,5,5,5,5,2,True,False,False,False,False,15,False
5310110,71.53226,6.573077,0.881642,57.21803,False,False,False,False,False,5,5,5,5,5,2,True,False,False,False,False,15,False
5310110,71.58602,6.462323,0.88203,57.02777,False,False,False,False,False,5,5,5,5,5,2,True,False,False,False,False,15,False
5310110,71.63978,6.315991,0.879181,56.77555,False,False,False,False,False,5,5,5,5,5,2,True,False,False,False,False,15,False
5310110,71.69023,6.146157,0.8813527,56.54399,False,False,False,False,False,5,5,5,5,5,2,True,False,False,False,False,15,False
5310110,71.74889,5.961076,0.8814703,56.28592,False,False,False,False,False,5,5,5,5,5,2,True,False,False,False,False,15,False
5310110,71.80099,5.79067,0.8795118,56.03606,False,False,False,False,False,5,5,5,5,5,2,True,False,False,False,False,15,False
5310110,71.85229,5.602385,0.8818526,55.76125,False,False,False,False,False,5,5,5,5,5,2,True,False,False,False,False,15,False
5310110,71.90767,5.384501,0.881945,55.44273,False,True,True,True,False,5,4.75105953216553,4.85761451721191,4.99011707305908,5,2,True,False,False,False,False,15,False
5310110,71.97257,5.147825,0.8820025,55.02581,True,True,True,True,False,4.74380874633789,4.25083160400391,4.33730888366699,4.43806552886963,5,2,True,False,False,False,False,15,False
5310110,72.02512,4.996333,0.8823932,54.68274,True,True,True,True,False,4.64500951766968,3.89012813568115,3.90942406654358,3.9498929977417,5,2,True,False,False,False,False,15,False
5310110,72.08605,4.867325,0.8806726,54.28365,True,True,True,True,True,4.72367382049561,3.55924940109253,3.50277948379517,3.46059226989746,4.01083850860596,2,True,False,False,False,False,15,False
5310110,72.14177,4.747133,0.8830069,53.93673,True,True,True,True,True,4.74440717697144,3.28970456123352,3.17430734634399,3.08551335334778,3.34876084327698,2,True,False,False,False,False,15,False
5310110,72.19764,4.661034,0.8798845,53.59887,True,True,True,True,True,4.71333503723145,3.03227591514587,2.88039946556091,2.74601888656616,2.84500527381897,2,True,False,False,False,False,15,False
5310110,72.25306,4.598351,0.8820487,53.22279,True,True,True,True,True,4.48741722106934,2.73283672332764,2.5456919670105,2.37758612632751,2.37772226333618,2,True,False,False,False,False,15,False
5310110,72.30828,4.57499,0.8818127,52.82617,True,True,True,True,True,4.33988189697266,2.44279336929321,2.21320700645447,2.00489211082459,1.93389022350311,2,True,False,False,False,False,15,False
5310110,72.36249,4.594616,0.8800125,52.44901,False,True,True,True,True,5,2.28156566619873,1.97457385063171,1.69539165496826,1.5200856924057,2,False,False,False,False,False,15,False
5310110,72.42018,4.632065,0.8833878,52.03558,False,False,True,True,True,5,5,1.69480419158936,1.33836531639099,1.12620377540588,2,False,False,False,False,False,15,False
5310110,72.47472,4.653818,0.8807312,51.61166,False,True,True,True,True,5,1.69530856609344,1.28256106376648,0.907653570175171,0.746331810951233,2,False,False,False,False,False,15,False
5310110,72.5265,4.689038,0.8810023,51.19195,True,True,True,True,True,3.85282778739929,1.2610057592392,0.849816143512726,0.476324707269669,0.391727477312088,2,False,False,False,False,False,15,False
5310110,72.58076,4.851513,0.8962868,51.12828,False,True,True,True,True,5,1.43535757064819,0.948541879653931,0.508031725883484,0.402294307947159,2,False,False,False,False,False,15,False
5310110,72.63448,4.972867,0.8895707,51.06357,False,True,True,True,True,5,4.83959674835205,2.17033195495605,0.789851725101471,0.40396922826767,2,False,False,False,False,False,15,False
5310110,72.69543,5.093161,0.8794709,50.98362,False,False,False,False,True,5,5,5,5,0.62527984380722,2,False,False,False,False,False,15,False
5310110,72.75129,5.211379,0.8827305,50.91919,False,False,False,False,False,5,5,5,5,5,2,False,False,False,False,False,15,False
5310110,72.80591,5.325853,0.8821836,50.85924,False,False,False,False,False,5,5,5,5,5,2,False,False,False,False,False,15,False
5310110,72.86091,5.445142,0.8820403,50.80861,False,False,False,False,False,5,5,5,5,5,2,False,False,False,False,False,15,False
5310110,72.91296,5.578094,0.8970626,50.78434,False,False,False,False,False,5,5,5,5,5,2,False,False,False,False,False,15,False
5310110,72.96481,5.708303,0.8979443,50.75982,False,False,False,False,False,5,5,5,5,5,2,False,False,False,False,False,15,False
5310110,73.01984,5.842484,0.8834363,50.72094,False,False,False,False,False,5,5,5,5,5,2,False,False,False,False,False,15,False
5310110,73.08324,5.999833,0.8937981,50.67562,False,False,False,False,False,5,5,5,5,5,2,False,False,False,False,False,15,False
5310110,73.14955,6.124941,0.894057,50.66594,False,False,False,False,False,5,5,5,5,5,2,False,False,False,False,False,15,False
5310110,73.20502,6.24358,0.8876396,50.71619,False,False,False,False,False,5,5,5,5,5,2,False,False,False,False,False,15,False
5310110,73.25852,6.389476,0.88501,50.80161,False,False,False,False,False,5,5,5,5,5,2,False,False,False,False,False,15,False
5310110,73.31433,6.593549,0.8827629,50.8983,False,False,False,False,False,5,5,5,5,5,2,False,False,False,False,False,15,False
5310110,73.37045,6.820671,0.8813703,50.99674,False,False,False,False,False,5,5,5,5,5,2,False,False,False,False,False,15,False
5310110,73.42867,7.025808,0.8816234,51.09072,False,False,False,False,False,5,5,5,5,5,2,False,False,False,False,False,15,False
5310110,73.48536,7.245092,0.8803921,51.19017,False,False,False,False,False,5,5,5,5,5,2,False,False,False,False,False,15,False
5310110,73.53775,7.490488,0.8827716,51.28156,False,False,False,False,False,5,5,5,5,5,2,False,False,False,False,False,15,False
5310110,73.5928,7.784581,0.8807399,51.39807,False,False,False,False,False,5,5,5,5,5,2,False,False,False,False,False,15,False
5310110,73.64558,8.083948,0.8805092,51.5217,False,False,False,False,False,5,5,5,5,5,2,False,False,False,False,False,15,False
5310110,73.69955,8.405177,0.8832921,51.65437,False,False,False,False,False,5,5,5,5,5,2,False,False,False,False,False,15,False
5310110,73.76067,8.794182,0.879671,51.76806,False,False,False,False,False,5,5,5,5,5,2,False,False,False,False,False,15,False
5310110,73.81471,9.121367,0.882313,51.87014,True,False,False,False,False,4.82975149154663,5,5,5,5,2,False,False,False,False,False,15,False
5310110,73.87776,9.483349,0.8798103,51.9832,True,False,False,False,False,4.50904750823975,5,5,5,5,2,False,False,False,False,False,15,False
5310110,73.93554,9.791675,0.8823815,52.10315,True,True,False,False,False,4.22001075744629,4.78379583358765,5,5,5,2,False,False,False,False,False,15,False
5310110,73.99133,10.12409,0.8811374,52.22441,True,True,True,True,False,3.91917085647583,4.37506628036499,4.59124660491943,4.78573703765869,5,1,True,False,False,False,False,15,False
5310110,74.05216,10.50991,0.8818585,52.35895,True,True,True,True,False,3.56705451011658,3.96694922447205,4.18319272994995,4.37783050537109,5,1,True,False,False,False,False,15,False
5310110,74.1095,10.86702,0.8815134,52.4491,True,True,True,True,False,3.24149680137634,3.66164875030518,3.88806462287903,4.10343885421753,5,1,True,False,False,False,False,15,False
5310110,74.16966,11.22485,0.8812984,52.53746,True,True,True,True,False,2.92049360275269,3.35288071632385,3.59144687652588,3.82881593704224,5,1,True,False,False,False,False,15,False
5310110,74.22453,11.53989,0.8824083,52.59577,True,True,True,True,False,2.65573143959045,3.07982611656189,3.33557987213135,3.58759045600891,5,1,True,False,False,False,False,15,False
5310110,74.28183,11.85969,0.8796718,52.62258,True,True,True,True,False,2.4008641242981,2.90389275550842,3.22206711769104,3.50900530815125,5,1,True,False,False,False,False,15,False
5310110,74.33775,12.18835,0.8828909,52.63768,True,True,True,True,False,2.15423560142517,2.73109102249146,3.09635043144226,3.44045376777649,5,1,True,False,False,False,False,15,False
5310110,74.39269,12.52371,0.8808235,52.68122,True,True,True,True,False,1.87988376617432,2.41419410705566,2.79600524902344,3.15977692604065,5,1,True,False,False,False,False,15,False
5310110,74.44802,12.84593,0.8809105,52.73247,True,True,True,True,True,1.6026406288147,2.01298260688782,2.37880945205688,2.71719217300415,4.72271108627319,1,True,False,False,False,False,15,False
5310110,74.50546,13.16475,0.882174,52.77297,True,True,True,True,True,1.34157538414001,1.64310038089752,1.98818337917328,2.29922580718994,3.89316916465759,1,True,False,False,False,False,15,False
5310110,74.57377,13.52531,0.8820017,52.77759,True,True,True,True,True,1.0666925907135,1.32945716381073,1.69685935974121,2.03659296035767,3.59578204154968,1,True,False,False,False,False,15,False
5310110,74.6292,13.85047,0.8814974,52.78107,True,True,True,True,True,0.810316205024719,1.03032958507538,1.41716063022614,1.78015196323395,3.26304340362549,1,True,False,False,False,False,15,False
5310110,74.68468,14.20248,0.8803647,52.79036,True,True,True,True,True,0.533153891563416,0.678004503250122,1.06500649452209,1.4281542301178,2.65508317947388,1,True,False,False,False,False,15,False
5310110,74.73885,14.4518,0.8870851,52.72583,True,True,True,True,True,0.376643508672714,0.493425071239471,0.90735524892807,1.30571234226227,2.54540729522705,1,False,False,False,False,False,15,False
5310110,74.79226,14.51845,0.8856297,52.6339,True,True,True,True,True,0.373741567134857,0.527314186096191,1.01708400249481,1.4911675453186,3.30674123764038,1,False,False,False,False,False,15,False
5310110,74.84675,14.58317,0.8821822,52.55341,True,True,True,True,False,0.41906926035881,0.903056263923645,2.06273221969604,3.06747031211853,5,1,False,False,False,False,False,15,False
5310110,74.90295,14.64619,0.8824343,52.46577,True,True,False,False,False,0.713886022567749,4.05317258834839,5,5,5,1,False,False,False,False,False,15,False
5310110,74.95986,14.70757,0.8799211,52.38035,True,False,False,False,False,1.67844140529633,5,5,5,5,1,False,False,False,False,False,15,False
5310110,75.02066,14.77155,0.8828053,52.29246,False,False,False,False,False,5,5,5,5,5,1,False,False,False,False,False,15,False
5310110,75.07597,14.79977,0.8941962,52.18966,False,False,False,False,False,5,5,5,5,5,1,False,False,False,False,False,15,False
5310110,75.13089,14.81642,0.8942728,52.08024,False,False,False,False,False,5,5,5,5,5,1,False,False,False,False,False,15,False
5310110,75.18616,14.84287,0.8929521,51.97681,False,False,False,False,False,5,5,5,5,5,1,False,False,False,False,False,15,False
5310110,75.24825,14.88524,0.8856976,51.85407,False,False,False,False,False,5,5,5,5,5,1,False,False,False,False,False,15,False
5310110,75.30415,14.89161,0.8827645,51.78345,False,False,False,False,False,5,5,5,5,5,1,False,False,False,False,False,15,False
5310110,75.35921,14.89237,0.8827661,51.78046,False,False,False,False,False,5,5,5,5,5,1,False,False,False,False,False,15,False
5310110,75.42171,14.89144,0.881982,51.78556,False,False,False,False,False,5,5,5,5,5,1,True,False,False,False,False,15,False
5310110,75.48527,14.88376,0.883498,51.79511,False,False,False,False,False,5,5,5,5,5,1,True,False,False,False,False,15,False
5310110,75.55134,14.86599,0.882261,51.76623,False,False,False,False,False,5,5,5,5,5,1,False,False,False,False,False,15,False
5310110,75.6074,14.84392,0.8819312,51.72335,False,False,False,False,False,5,5,5,5,5,1,False,False,False,False,False,15,False
5310110,75.6769,14.83634,0.8826439,51.71812,False,False,False,False,False,5,5,5,5,5,1,False,False,False,False,False,15,False
5310110,75.73264,14.80457,0.8807513,51.66833,False,False,False,False,False,5,5,5,5,5,1,False,False,False,False,False,15,False
5310110,75.79282,14.74387,0.8817585,51.58904,False,False,False,False,False,5,5,5,5,5,1,False,False,False,False,False,15,False
5310110,75.85909,14.69434,0.8799743,51.51163,False,False,False,False,False,5,5,5,5,5,1,False,False,False,False,False,15,False
5310110,75.91228,14.65438,0.8817599,51.46647,False,False,False,False,False,5,5,5,5,5,1,False,False,False,False,False,15,False
5310110,75.9684,14.62295,0.8816255,51.42671,False,False,False,False,False,5,5,5,5,5,1,False,False,False,False,False,15,False
5310110,76.02484,14.60509,0.8806461,51.39274,False,False,False,False,False,5,5,5,5,5,1,False,False,False,False,False,15,False
5310110,76.08277,14.60053,0.8823602,51.36723,False,False,False,False,False,5,5,5,5,5,1,False,False,False,False,False,15,False
5310110,76.13984,14.60916,0.8821142,51.36794,False,False,False,False,False,5,5,5,5,5,1,True,False,False,False,False,15,False
5310110,76.19561,14.59746,0.882134,51.33566,False,False,False,False,False,5,5,5,5,5,1,False,False,False,False,False,15,False
5310110,76.24925,14.54743,0.8815351,51.22773,False,False,False,False,False,5,5,5,5,5,1,False,False,False,False,False,15,False
5310110,76.30962,14.45997,0.8813015,51.07764,False,False,False,False,False,5,5,5,5,5,1,False,False,False,False,False,15,False
5310110,76.36628,14.36888,0.8819929,50.95845,False,False,False,False,False,5,5,5,5,5,1,False,False,False,False,False,15,False
5310110,76.42554,14.25102,0.8804018,50.80786,False,False,False,False,False,5,5,5,5,5,1,False,False,False,False,False,15,False
5310110,76.48263,14.08418,0.8826742,50.59387,False,False,False,False,False,5,5,5,5,5,1,False,False,False,False,False,15,False
5310110,76.54743,13.83475,0.8808619,50.27947,False,False,False,False,False,5,5,5,5,5,1,False,False,False,False,False,15,False
5310110,76.60637,13.58591,0.8821484,49.96739,False,False,False,False,False,5,5,5,5,5,1,False,False,False,False,False,15,False
5310110,76.67869,13.32841,0.8830647,49.57873,False,False,False,False,False,5,5,5,5,5,1,False,False,False,False,False,15,False
5310110,76.73293,13.12051,0.8808039,49.31987,False,False,False,False,True,5,5,5,5,4.97105360031128,1,False,False,False,False,False,15,False
5310110,76.79182,12.88898,0.8817002,49.06313,False,False,False,True,True,5,5,5,4.87566518783569,4.68582248687744,1,False,False,False,False,False,15,False
5310110,76.84874,12.65696,0.8816616,48.78434,False,True,True,True,True,5,4.89994955062866,4.66262531280518,4.45085525512695,4.37623453140259,1,False,False,False,False,False,15,False
5310110,76.90723,12.40754,0.8809352,48.47235,False,True,True,True,True,5,4.49998950958252,4.26284837722778,4.05120849609375,3.96589398384094,1,False,False,False,False,False,15,False
5310110,76.96341,12.19976,0.8826724,48.16912,False,True,True,True,True,5,4.22163820266724,3.96149730682373,3.72997808456421,3.56247925758362,1,False,False,False,False,False,15,False
5310110,77.02073,12.02732,0.8795474,47.85172,False,True,True,True,True,5,4.19246816635132,3.84466004371643,3.52559566497803,3.13659310340881,1,False,False,False,False,False,15,False
5310110,77.08273,11.84337,0.8827614,47.52841,False,True,True,True,True,5,4.2147274017334,3.76203083992004,3.34833383560181,2.7553379535675,1,False,False,False,False,False,15,False
5310110,77.13937,11.70819,0.8794318,47.23854,False,True,True,True,True,5,4.2360520362854,3.68834853172302,3.19058704376221,2.48109650611877,1,False,False,False,False,False,15,False
5310110,77.1965,11.57517,0.8825545,46.96157,False,True,True,True,True,5,4.17306327819824,3.55083417892456,2.99054408073425,2.22396874427795,1,False,False,False,False,False,15,False
5310110,77.25175,11.44683,0.8809879,46.70994,False,True,True,True,True,5,3.74433064460754,3.15759873390198,2.62620568275452,1.98375487327576,1,False,False,False,False,False,15,False
5310110,77.32758,11.30459,0.8817387,46.38065,False,True,True,True,True,5,3.29455971717834,2.73310661315918,2.22362637519836,1.69597768783569,1,False,False,False,False,False,15,False
5310110,77.3866,11.22994,0.8807187,46.13615,False,True,True,True,True,5,3.21037149429321,2.59644436836243,2.04352283477783,1.51248586177826,1,False,False,False,False,False,15,False
5310110,77.44655,11.1488,0.8819011,45.85693,False,True,True,True,True,5,3.14547896385193,2.45896053314209,1.84484541416168,1.30649971961975,1,False,False,False,False,False,15,False
5310110,77.50568,11.03782,0.8805075,45.50569,False,True,True,True,True,5,2.77625870704651,2.09012126922607,1.47631669044495,1.04192936420441,1,False,False,False,False,False,15,False
5310110,77.56484,10.9447,0.8824278,45.11312,False,True,True,True,True,5,2.55080080032349,1.80515789985657,1.14203798770905,0.779152512550354,1,False,False,False,False,False,15,False
5310110,77.62102,10.84831,0.8796948,44.75967,False,True,True,True,True,5,2.38040924072266,1.54793000221252,0.814726710319519,0.527552247047424,1,False,False,False,False,False,15,False
5310110,77.68266,10.76961,0.882825,44.39,False,False,True,True,True,5,5,1.26230156421661,0.465349167585373,0.289760619401932,1,False,False,False,False,False,15,False
5310110,77.74712,10.85177,0.8878652,44.1754,False,False,True,True,True,5,5,2.60331964492798,0.727780401706696,0.314211905002594,1,False,False,False,False,False,15,False
5310110,77.80945,10.90038,0.8838034,44.01637,False,False,False,False,True,5,5,5,5,0.745214581489563,1,False,False,False,False,False,15,False
5310110,77.88264,10.9913,0.8809122,43.84623,False,False,False,False,False,5,5,5,5,5,1,False,False,False,False,False,15,False
5310110,77.94134,11.1188,0.884115,43.73539,False,False,False,False,False,5,5,5,5,5,1,False,False,False,False,False,15,False
5310110,78.00618,11.23966,0.8840206,43.60619,False,False,False,False,False,5,5,5,5,5,1,False,False,False,False,False,15,False
5310110,78.07378,11.36966,0.8829309,43.46806,False,False,False,False,False,5,5,5,5,5,1,False,False,False,False,False,15,False
5310110,78.14497,11.49557,0.8820314,43.32539,False,False,False,False,False,5,5,5,5,5,1,False,False,False,False,False,15,False
5310110,78.21849,11.62527,0.8826656,43.17807,False,False,False,False,False,5,5,5,5,5,1,False,False,False,False,False,15,False
5310110,78.28796,11.74301,0.8810409,43.13171,False,False,False,False,False,5,5,5,5,5,1,False,False,False,False,False,15,False
5310110,78.35083,11.83344,0.8813376,43.10863,False,False,False,False,False,5,5,5,5,5,1,False,False,False,False,False,15,False
5310110,78.40676,11.90081,0.8808736,43.09772,False,False,False,False,False,5,5,5,5,5,1,False,False,False,False,False,15,False
5310110,78.46338,12.00246,0.8824363,43.08365,False,False,False,False,False,5,5,5,5,5,1,False,False,False,False,False,15,False
5310110,78.5294,12.1816,0.8813285,43.06945,False,False,False,False,False,5,5,5,5,5,1,False,False,False,False,False,15,False
5310110,78.59219,12.3363,0.8811783,43.07896,False,False,False,False,False,5,5,5,5,5,1,True,False,False,False,False,15,False
5310110,78.6501,12.46302,0.8814236,43.07952,False,False,False,False,False,5,5,5,5,5,1,True,False,False,False,False,15,False
5310110,78.7077,12.55132,0.8817148,43.0801,False,False,False,False,False,5,5,5,5,5,1,True,False,False,False,False,15,False
5310110,78.76563,12.60035,0.8807666,43.07709,False,False,False,False,False,5,5,5,5,5,1,False,False,False,False,False,15,False
5310110,78.82165,12.67854,0.8826777,43.07336,False,False,False,False,False,5,5,5,5,5,1,False,False,False,False,False,15,False
5310110,78.87742,12.81144,0.8803576,43.08305,False,False,False,False,False,5,5,5,5,5,1,True,False,False,False,False,15,False
5310110,78.94091,12.94665,0.8828018,43.07788,False,False,False,False,False,5,5,5,5,5,1,False,False,False,False,False,15,False
5310110,78.99953,13.05587,0.8797844,43.06068,False,False,False,False,False,5,5,5,5,5,1,False,False,False,False,False,15,False
5310110,79.0619,13.23979,0.8827592,43.04283,False,False,False,False,False,5,5,5,5,5,1,False,False,False,False,False,15,False
5310110,79.12225,13.47462,0.8797729,43.00516,False,False,False,False,False,5,5,5,5,5,1,False,False,False,False,False,15,False
5310110,79.18649,13.70687,0.8819895,42.97282,False,False,False,False,False,5,5,5,5,5,1,False,False,False,False,False,15,False
5310110,79.24648,13.90441,0.8806118,42.93351,False,False,False,False,False,5,5,5,5,5,1,False,False,False,False,False,15,False
5310110,79.30518,14.08196,0.8821903,42.89732,False,False,False,False,False,5,5,5,5,5,1,False,False,False,False,False,15,False
5310110,79.36484,14.29392,0.8804909,42.85634,False,False,False,False,False,5,5,5,5,5,1,False,False,False,False,False,15,False
5310110,79.42982,14.62407,0.8812925,42.77871,True,False,False,False,False,4.8632869720459,5,5,5,5,1,False,False,False,False,False,15,False
5310110,79.48644,14.98614,0.8807284,42.69268,True,False,False,False,False,4.53548336029053,5,5,5,5,1,False,False,False,False,False,15,False
5310110,79.54463,15.419,0.8826123,42.58931,True,True,True,True,False,4.14031505584717,4.58008432388306,4.78380012512207,4.98751497268677,5,1,False,False,False,False,False,15,False
5310110,79.61169,15.97985,0.8820314,42.45566,True,True,True,True,False,3.62829494476318,4.00378322601318,4.2076301574707,4.41147994995117,5,1,False,False,False,False,False,15,False
5310110,79.66792,16.45325,0.8821431,42.29953,True,True,True,True,False,3.19234418869019,3.56114101409912,3.78486824035645,4.00001096725464,5,1,False,False,False,False,False,15,False
5310110,79.72567,16.94712,0.8810004,42.13253,True,True,True,True,False,2.73201274871826,3.0941309928894,3.34127712249756,3.57028651237488,5,1,False,False,False,False,False,15,False
5310110,79.78396,17.46167,0.8828789,41.96971,True,True,True,True,True,2.25961804389954,2.55469274520874,2.80198121070862,3.03107690811157,4.55903959274292,1,False,False,False,False,False,15,False
5310110,79.84248,17.9491,0.8804352,41.77846,True,True,True,True,True,1.81018877029419,2.06743264198303,2.3317859172821,2.57158637046814,3.97186803817749,1,False,False,False,False,False,15,False
5310110,79.90697,18.44478,0.8822786,41.51867,True,True,True,True,True,1.34579575061798,1.61901259422302,1.94114148616791,2.24637722969055,3.80424046516418,1,False,False,False,False,False,15,False
5310110,79.96818,18.88955,0.8813434,41.26678,True,True,True,True,True,0.927798926830292,1.17963624000549,1.55609464645386,1.92552697658539,3.58498001098633,1,False,False,False,False,False,15,False
5310110,80.03256,19.30758,0.8811737,40.96431,True,True,True,True,True,0.544066250324249,0.732535541057587,1.17649590969086,1.6144677400589,3.39576053619385,1,False,False,False,False,False,15,False
5310110,80.09205,19.58565,0.8876029,40.63353,True,True,True,False,True,0.296137124300003,0.435786038637161,1.04132568836212,5,4.51046419143677,1,False,False,False,False,False,15,False
5310110,80.15001,19.58002,0.8927591,40.40719,True,True,True,True,False,0.357653826475143,0.730125486850739,1.79906022548676,2.77053022384644,5,1,False,False,False,False,False,15,False
